
STEWART PLATFORM

COMPILATION DATE AND TIME
Apr 14 2019
20:20:47

   SWAY  SURGE  HEAVE  PITCH   ROLL    YAW          ANGLE 1          ANGLE 2          ANGLE 3          ANGLE 4          ANGLE 5          ANGLE 6
================================================================================================================================================
  -10.0  -10.0  -10.0   -9.0   -9.0   -9.0        34.334024       117.740827       103.582089        63.938893       155.030045         6.883894
  -10.0  -10.0  -10.0   -9.0   -9.0    9.0 movOK = 10
  -10.0  -10.0  -10.0   -9.0    9.0   -9.0        17.845824        64.842026       146.406829       101.581041        91.965028        25.788000
  -10.0  -10.0  -10.0   -9.0    9.0    9.0        44.553627        39.134144       133.052236        85.633367        73.087458        11.498794
  -10.0  -10.0  -10.0    9.0   -9.0   -9.0 movOK = 10
  -10.0  -10.0  -10.0    9.0   -9.0    9.0
  -10.0  -10.0  -10.0    9.0    9.0   -9.0
  -10.0  -10.0  -10.0    9.0    9.0    9.0 movOK = 10
  -10.0  -10.0   10.0   -9.0   -9.0   -9.0 movOK = 1
  -10.0  -10.0   10.0   -9.0   -9.0    9.0       127.301909       172.935884        19.294900       116.852908        57.002658        78.801479
  -10.0  -10.0   10.0   -9.0    9.0   -9.0        97.452306       134.088040        72.629215       174.171222        21.522738       102.499867
  -10.0  -10.0   10.0   -9.0    9.0    9.0 movOK = 1
  -10.0  -10.0   10.0    9.0   -9.0   -9.0       170.847387       179.029484        71.826276        94.895989        89.061595       141.730055
  -10.0  -10.0   10.0    9.0   -9.0    9.0 movOK = 1
  -10.0  -10.0   10.0    9.0    9.0   -9.0       148.931827       120.573182       110.643068       133.813437        37.595798       161.613299
  -10.0  -10.0   10.0    9.0    9.0    9.0       171.233953        99.556937        99.581358       117.640204        18.023615       147.466072
  -10.0   10.0  -10.0   -9.0   -9.0   -9.0        32.249817        94.484198        88.269842        86.901538       177.114490         2.317611
  -10.0   10.0  -10.0   -9.0   -9.0    9.0
  -10.0   10.0  -10.0   -9.0    9.0   -9.0        12.860454        37.253534       128.131074       122.033934       108.193355        25.721522
  -10.0   10.0  -10.0   -9.0    9.0    9.0        46.151766        20.163266       109.512025       101.006123        96.071992         5.292432
  -10.0   10.0  -10.0    9.0   -9.0   -9.0
  -10.0   10.0  -10.0    9.0   -9.0    9.0 movOK = 10
  -10.0   10.0  -10.0    9.0    9.0   -9.0 movOK = 10
  -10.0   10.0  -10.0    9.0    9.0    9.0 movOK = 10
  -10.0   10.0   10.0   -9.0   -9.0   -9.0       108.877988       172.007959         9.375232       155.124907        91.150096        93.748246
  -10.0   10.0   10.0   -9.0   -9.0    9.0 movOK = 1
  -10.0   10.0   10.0   -9.0    9.0   -9.0 movOK = 1
  -10.0   10.0   10.0   -9.0    9.0    9.0       119.214423        96.970737        39.448857       177.511718        25.106363        91.710230
  -10.0   10.0   10.0    9.0   -9.0   -9.0       166.393146       151.882779        56.369338       115.447165       105.173648       142.650792
  -10.0   10.0   10.0    9.0   -9.0    9.0 movOK = 1
  -10.0   10.0   10.0    9.0    9.0   -9.0       147.115224        97.366101        95.114193       156.013199        52.933749       160.603850
  -10.0   10.0   10.0    9.0    9.0    9.0       169.237176        83.454868        78.951541       133.035873        41.124168       145.952960
   10.0  -10.0  -10.0   -9.0   -9.0   -9.0        11.498794       106.912542        94.366633        46.947764       140.865856        44.553627
   10.0  -10.0  -10.0   -9.0   -9.0    9.0        25.788000        88.034972        78.418959        33.593171       115.157974        17.845824
   10.0  -10.0  -10.0   -9.0    9.0   -9.0 movOK = 10
   10.0  -10.0  -10.0   -9.0    9.0    9.0         6.883894        24.969955       116.061107        76.417911        62.259173        34.334024
   10.0  -10.0  -10.0    9.0   -9.0   -9.0 movOK = 10
   10.0  -10.0  -10.0    9.0   -9.0    9.0
   10.0  -10.0  -10.0    9.0    9.0   -9.0
   10.0  -10.0  -10.0    9.0    9.0    9.0 movOK = 10
   10.0  -10.0   10.0   -9.0   -9.0   -9.0 movOK = 1
   10.0  -10.0   10.0   -9.0   -9.0    9.0       102.499867       158.477262         5.828778       107.370785        45.911960        97.452306
   10.0  -10.0   10.0   -9.0    9.0   -9.0        78.801479       122.997342        63.147092       160.705100         7.064116       127.301909
   10.0  -10.0   10.0   -9.0    9.0    9.0 movOK = 1
   10.0  -10.0   10.0    9.0   -9.0   -9.0       147.466072       161.976385        62.359796        80.418642        80.443063       171.233953
   10.0  -10.0   10.0    9.0   -9.0    9.0       161.613299       142.404202        46.186563        69.356932        59.426818       148.931827
   10.0  -10.0   10.0    9.0    9.0   -9.0 movOK = 1
   10.0  -10.0   10.0    9.0    9.0    9.0       141.730055        90.938405        85.104011       108.173724         0.970516       170.847387
   10.0   10.0  -10.0   -9.0   -9.0   -9.0         5.292432        83.928008        78.993877        70.487975       159.836734        46.151766
   10.0   10.0  -10.0   -9.0   -9.0    9.0        25.721522        71.806645        57.966066        51.868926       142.746466        12.860454
   10.0   10.0  -10.0   -9.0    9.0   -9.0
   10.0   10.0  -10.0   -9.0    9.0    9.0         2.317611         2.885510        93.098462        91.730158        85.515802        32.249817
   10.0   10.0  -10.0    9.0   -9.0   -9.0 movOK = 10
   10.0   10.0  -10.0    9.0   -9.0    9.0 movOK = 10
   10.0   10.0  -10.0    9.0    9.0   -9.0 movOK = 10
   10.0   10.0  -10.0    9.0    9.0    9.0
   10.0   10.0   10.0   -9.0   -9.0   -9.0        91.710230       154.893637         2.488282       140.551143        83.029263       119.214423
   10.0   10.0   10.0   -9.0   -9.0    9.0 movOK = 1
   10.0   10.0   10.0   -9.0    9.0   -9.0 movOK = 1
   10.0   10.0   10.0   -9.0    9.0    9.0        93.748246        88.849904        24.875093       170.624768         7.992041       108.877988
   10.0   10.0   10.0    9.0   -9.0   -9.0       145.952960       138.875832        46.964127       101.048459        96.545132       169.237176
   10.0   10.0   10.0    9.0   -9.0    9.0       160.603850       127.066251        23.986801        84.885807        82.633899       147.115224
   10.0   10.0   10.0    9.0    9.0   -9.0 movOK = 1
   10.0   10.0   10.0    9.0    9.0    9.0       142.650792        74.826352        64.552835       123.630662        28.117221       166.393146
