      X      Y      Z      A      B      C  movOK          ANGLE 1          ANGLE 2          ANGLE 3          ANGLE 4          ANGLE 5          ANGLE 6
=======================================================================================================================================================
    0.0    0.0    0.0    0.0    0.0    0.0      0              325              325              325              325              325              325
    0.0    0.0   12.0    0.0    0.0    0.0      0              248              402              248              402              248              402
    0.0    0.0  -12.0    0.0    0.0    0.0      0              420              230              420              230              420              230
=======================================================================================================================================================
   -8.0   -8.0   -4.0   -4.0   -4.0  -14.3      0              373              388              352              324              384              285
   -8.0   -8.0   -4.0   -4.0   -4.0   14.3      0              313              327              317              271              322              237
   -8.0   -8.0   -4.0   -4.0    4.0  -14.3      0              382              348              388              354              337              293
   -8.0   -8.0   -4.0   -4.0    4.0   14.3      0              320              285              348              307              284              249
   -8.0   -8.0   -4.0    4.0   -4.0  -14.3      0              328              374              384              293              405              327
   -8.0   -8.0   -4.0    4.0   -4.0   14.3      0              271              313              345              220              336              289
   -8.0   -8.0   -4.0    4.0    4.0  -14.3      0              337              335              436              328              351              336
   -8.0   -8.0   -4.0    4.0    4.0   14.3      0              281              269              382              276              297              299
   -8.0   -8.0    4.0   -4.0   -4.0  -14.3     -5
   -8.0   -8.0    4.0   -4.0   -4.0   14.3      0              265              376              267              325              276              297
   -8.0   -8.0    4.0   -4.0    4.0  -14.3      0              329              398              335              404              289              342
   -8.0   -8.0    4.0   -4.0    4.0   14.3      0              272              335              300              356              231              306
   -8.0   -8.0    4.0    4.0   -4.0  -14.3      0              279              436              331              343              342              376
   -8.0   -8.0    4.0    4.0   -4.0   14.3      0              194              362              296              295              289              338
   -8.0   -8.0    4.0    4.0    4.0  -14.3      0              288              383              364              375              302              387
   -8.0   -8.0    4.0    4.0    4.0   14.3      0              220              322              328              328              248              347
   -8.0    8.0   -4.0   -4.0   -4.0  -14.3      0              378              351              330              360              408              284
   -8.0    8.0   -4.0   -4.0   -4.0   14.3      0              313              308              281              296              361              221
   -8.0    8.0   -4.0   -4.0    4.0  -14.3      0              389              311              363              391              356              293
   -8.0    8.0   -4.0   -4.0    4.0   14.3      0              319              264              312              329              319              239
   -8.0    8.0   -4.0    4.0   -4.0  -14.3      0              331              337              359              332              437              328
   -8.0    8.0   -4.0    4.0   -4.0   14.3      0              272              294              308              262              378              285
   -8.0    8.0   -4.0    4.0    4.0  -14.3      0              340              297              397              363              371              337
   -8.0    8.0   -4.0    4.0    4.0   14.3      0              281              246              340              300              333              295
   -8.0    8.0    4.0   -4.0   -4.0  -14.3      0              324              405              281              411              347              336
   -8.0    8.0    4.0   -4.0   -4.0   14.3      0              266              357              215              346              311              294
   -8.0    8.0    4.0   -4.0    4.0  -14.3     -5
   -8.0    8.0    4.0   -4.0    4.0   14.3      0              273              317              262              378              271              303
   -8.0    8.0    4.0    4.0   -4.0  -14.3      0              283              388              310              379              362              375
   -8.0    8.0    4.0    4.0   -4.0   14.3      0              212              343              258              318              324              336
   -8.0    8.0    4.0    4.0    4.0  -14.3      0              292              346              341              416              320              385
   -8.0    8.0    4.0    4.0    4.0   14.3      0              228              303              292              349              285              344
    8.0   -8.0   -4.0   -4.0   -4.0  -14.3      0              401              366              343              302              365              330
    8.0   -8.0   -4.0   -4.0   -4.0   14.3      0              357              313              296              262              302              268
    8.0   -8.0   -4.0   -4.0    4.0  -14.3      0              413              328              379              333              323              337
    8.0   -8.0   -4.0   -4.0    4.0   14.3      0              365              266              326              298              262              277
    8.0   -8.0   -4.0    4.0   -4.0  -14.3      0              351              353              374              268              381              369
    8.0   -8.0   -4.0    4.0   -4.0   14.3      0              314              299              322              214              315              313
    8.0   -8.0   -4.0    4.0    4.0  -14.3      0              361              314              430              305              337              379
    8.0   -8.0   -4.0    4.0    4.0   14.3      0              323              245              357              266              276              322
    8.0   -8.0    4.0   -4.0   -4.0  -14.3      0              344              419              294              350              315              378
    8.0   -8.0    4.0   -4.0   -4.0   14.3      0              308              361              246              315              252              321
    8.0   -8.0    4.0   -4.0    4.0  -14.3      0              353              374              325              383              274              385
    8.0   -8.0    4.0   -4.0    4.0   14.3     -5
    8.0   -8.0    4.0    4.0   -4.0  -14.3      0              303              402              322              322              328              430
    8.0   -8.0    4.0    4.0   -4.0   14.3      0              263              348              275              286              267              362
    8.0   -8.0    4.0    4.0    4.0  -14.3      0              312              361              355              354              288              456
    8.0   -8.0    4.0    4.0    4.0   14.3      0              274              308              307              319              214              371
    8.0    8.0   -4.0   -4.0   -4.0  -14.3      0              411              331              321              338              386              331
    8.0    8.0   -4.0   -4.0   -4.0   14.3      0              357              294              259              287              339              261
    8.0    8.0   -4.0   -4.0    4.0  -14.3      0              429              289              354              369              342              337
    8.0    8.0   -4.0   -4.0    4.0   14.3      0              366              242              290              320              299              272
    8.0    8.0   -4.0    4.0   -4.0  -14.3      0              355              317              350              310              404              369
    8.0    8.0   -4.0    4.0   -4.0   14.3      0              313              279              287              253              353              310
    8.0    8.0   -4.0    4.0    4.0  -14.3      0              365              272              388              342              356              378
    8.0    8.0   -4.0    4.0    4.0   14.3      0              322              213              318              291              313              319
    8.0    8.0    4.0   -4.0   -4.0  -14.3      0              347              379              272              388              333              377
    8.0    8.0    4.0   -4.0   -4.0   14.3     -5
    8.0    8.0    4.0   -4.0    4.0  -14.3      0              356              339              304              435              293              384
    8.0    8.0    4.0   -4.0    4.0   14.3      0              314              303              239              369              245              326
    8.0    8.0    4.0    4.0   -4.0  -14.3      0              306              365              301              358              347              422
    8.0    8.0    4.0    4.0   -4.0   14.3      0              265              330              234              309              304              358
    8.0    8.0    4.0    4.0    4.0  -14.3      0              314              326              332              392              307              438
    8.0    8.0    4.0    4.0    4.0   14.3      0              275              288              271              340              262              367


STEWART PLATFORM
HEXAPOD_CONFIG            : 1
ALGORITHM                 : 3
LANGAGE                   : C++
Total time elapsed   (µs) : 36.0
Time per calculation (µs) : 0.537
Calculation count         : 67

