
STEWART PLATFORM

COMPILATION DATE AND TIME
Apr 27 2019
14:37:53
HEXAPOD_CONFIG = 3

      X      Y      Z      A      B      C  movOK          ANGLE 1          ANGLE 2          ANGLE 3          ANGLE 4          ANGLE 5          ANGLE 6
=======================================================================================================================================================
    0.0    0.0    0.0    0.0    0.0    0.0      0        46.916390        53.083610        46.916390        53.083610        46.916390        53.083610
    0.0    0.0   23.0    0.0    0.0    0.0      0       -20.608803       120.608803       -20.608803       120.608803       -20.608803       120.608803
    0.0    0.0  -15.0    0.0    0.0    0.0      0        87.543541        12.456459        87.543541        12.456459        87.543541        12.456459
=======================================================================================================================================================
  -36.0  -36.0  -15.0  -15.0  -15.0  -15.0     -1
  -36.0  -36.0  -15.0  -15.0  -15.0    0.0     -2
  -36.0  -36.0  -15.0  -15.0  -15.0   15.0     -2
  -36.0  -36.0  -15.0  -15.0    0.0  -15.0     -2
  -36.0  -36.0  -15.0  -15.0    0.0    0.0     -2
  -36.0  -36.0  -15.0  -15.0    0.0   15.0     -4
  -36.0  -36.0  -15.0  -15.0   15.0  -15.0     -4
  -36.0  -36.0  -15.0  -15.0   15.0    0.0      0        65.800249        59.038915       109.045724        76.839669         7.860677       -27.641668
  -36.0  -36.0  -15.0  -15.0   15.0   15.0      0        41.933184        38.481055       112.995972        69.465374        -5.278122       -14.655464
  -36.0  -36.0  -15.0    0.0  -15.0  -15.0     -1
  -36.0  -36.0  -15.0    0.0  -15.0    0.0      0        31.624630       111.863384        73.293478        -3.947957        69.748782         0.021481
  -36.0  -36.0  -15.0    0.0  -15.0   15.0     -2
  -36.0  -36.0  -15.0    0.0    0.0  -15.0      0        52.458893       104.657560        94.970319        50.808535        53.901008         8.727723
  -36.0  -36.0  -15.0    0.0    0.0    0.0      0        37.791812        77.002901       102.041720        41.222799        38.549156         7.279832
  -36.0  -36.0  -15.0    0.0    0.0   15.0      0        15.139267        57.504098       105.293031        30.501723        24.448553        11.264867
  -36.0  -36.0  -15.0    0.0   15.0  -15.0     -2
  -36.0  -36.0  -15.0    0.0   15.0    0.0     -2
  -36.0  -36.0  -15.0    0.0   15.0   15.0     -2
  -36.0  -36.0  -15.0   15.0  -15.0  -15.0     -2
  -36.0  -36.0  -15.0   15.0  -15.0    0.0     -2
  -36.0  -36.0  -15.0   15.0  -15.0   15.0     -1
  -36.0  -36.0  -15.0   15.0    0.0  -15.0     -4
  -36.0  -36.0  -15.0   15.0    0.0    0.0     -2
  -36.0  -36.0  -15.0   15.0    0.0   15.0     -2
  -36.0  -36.0  -15.0   15.0   15.0  -15.0     -2
  -36.0  -36.0  -15.0   15.0   15.0    0.0     -2
  -36.0  -36.0  -15.0   15.0   15.0   15.0     -2
  -36.0  -36.0    4.0  -15.0  -15.0  -15.0     -1
  -36.0  -36.0    4.0  -15.0  -15.0    0.0     -1
  -36.0  -36.0    4.0  -15.0  -15.0   15.0     -1
  -36.0  -36.0    4.0  -15.0    0.0  -15.0     -1
  -36.0  -36.0    4.0  -15.0    0.0    0.0     -1
  -36.0  -36.0    4.0  -15.0    0.0   15.0     -2
  -36.0  -36.0    4.0  -15.0   15.0  -15.0     -2
  -36.0  -36.0    4.0  -15.0   15.0    0.0     -1
  -36.0  -36.0    4.0  -15.0   15.0   15.0     -1
  -36.0  -36.0    4.0    0.0  -15.0  -15.0     -1
  -36.0  -36.0    4.0    0.0  -15.0    0.0     -1
  -36.0  -36.0    4.0    0.0  -15.0   15.0     -1
  -36.0  -36.0    4.0    0.0    0.0  -15.0     -1
  -36.0  -36.0    4.0    0.0    0.0    0.0     -2
  -36.0  -36.0    4.0    0.0    0.0   15.0     -1
  -36.0  -36.0    4.0    0.0   15.0  -15.0     -2
  -36.0  -36.0    4.0    0.0   15.0    0.0     -1
  -36.0  -36.0    4.0    0.0   15.0   15.0     -1
  -36.0  -36.0    4.0   15.0  -15.0  -15.0     -1
  -36.0  -36.0    4.0   15.0  -15.0    0.0     -1
  -36.0  -36.0    4.0   15.0  -15.0   15.0     -1
  -36.0  -36.0    4.0   15.0    0.0  -15.0     -1
  -36.0  -36.0    4.0   15.0    0.0    0.0     -1
  -36.0  -36.0    4.0   15.0    0.0   15.0     -1
  -36.0  -36.0    4.0   15.0   15.0  -15.0     -1
  -36.0  -36.0    4.0   15.0   15.0    0.0     -1
  -36.0  -36.0    4.0   15.0   15.0   15.0     -1
  -36.0  -36.0   23.0  -15.0  -15.0  -15.0     -1
  -36.0  -36.0   23.0  -15.0  -15.0    0.0     -1
  -36.0  -36.0   23.0  -15.0  -15.0   15.0     -1
  -36.0  -36.0   23.0  -15.0    0.0  -15.0     -1
  -36.0  -36.0   23.0  -15.0    0.0    0.0     -1
  -36.0  -36.0   23.0  -15.0    0.0   15.0     -1
  -36.0  -36.0   23.0  -15.0   15.0  -15.0     -2
  -36.0  -36.0   23.0  -15.0   15.0    0.0     -1
  -36.0  -36.0   23.0  -15.0   15.0   15.0     -1
  -36.0  -36.0   23.0    0.0  -15.0  -15.0     -1
  -36.0  -36.0   23.0    0.0  -15.0    0.0     -1
  -36.0  -36.0   23.0    0.0  -15.0   15.0     -1
  -36.0  -36.0   23.0    0.0    0.0  -15.0     -1
  -36.0  -36.0   23.0    0.0    0.0    0.0     -1
  -36.0  -36.0   23.0    0.0    0.0   15.0     -1
  -36.0  -36.0   23.0    0.0   15.0  -15.0     -1
  -36.0  -36.0   23.0    0.0   15.0    0.0     -1
  -36.0  -36.0   23.0    0.0   15.0   15.0     -1
  -36.0  -36.0   23.0   15.0  -15.0  -15.0     -1
  -36.0  -36.0   23.0   15.0  -15.0    0.0     -1
  -36.0  -36.0   23.0   15.0  -15.0   15.0     -1
  -36.0  -36.0   23.0   15.0    0.0  -15.0     -1
  -36.0  -36.0   23.0   15.0    0.0    0.0     -1
  -36.0  -36.0   23.0   15.0    0.0   15.0     -1
  -36.0  -36.0   23.0   15.0   15.0  -15.0     -1
  -36.0  -36.0   23.0   15.0   15.0    0.0     -1
  -36.0  -36.0   23.0   15.0   15.0   15.0     -1
  -36.0    0.0  -15.0  -15.0  -15.0  -15.0     -2
  -36.0    0.0  -15.0  -15.0  -15.0    0.0     -2
  -36.0    0.0  -15.0  -15.0  -15.0   15.0     -2
  -36.0    0.0  -15.0  -15.0    0.0  -15.0     -2
  -36.0    0.0  -15.0  -15.0    0.0    0.0     -2
  -36.0    0.0  -15.0  -15.0    0.0   15.0     -2
  -36.0    0.0  -15.0  -15.0   15.0  -15.0     -2
  -36.0    0.0  -15.0  -15.0   15.0    0.0     -2
  -36.0    0.0  -15.0  -15.0   15.0   15.0     -2
  -36.0    0.0  -15.0    0.0  -15.0  -15.0     -2
  -36.0    0.0  -15.0    0.0  -15.0    0.0     -2
  -36.0    0.0  -15.0    0.0  -15.0   15.0     -2
  -36.0    0.0  -15.0    0.0    0.0  -15.0      0        60.583285        52.454163        92.794472        65.528632        92.198366        -5.592111
  -36.0    0.0  -15.0    0.0    0.0    0.0      0        43.107030        36.574364        92.023609        49.472343        82.797469        -7.890144
  -36.0    0.0  -15.0    0.0    0.0   15.0      0        22.832406        26.049709        85.080593        32.824600        72.719146        -4.283629
  -36.0    0.0  -15.0    0.0   15.0  -15.0     -4
  -36.0    0.0  -15.0    0.0   15.0    0.0     -2
  -36.0    0.0  -15.0    0.0   15.0   15.0      0        27.413926       -13.093901       129.467310        55.693852        42.814908         4.894974
  -36.0    0.0  -15.0   15.0  -15.0  -15.0     -2
  -36.0    0.0  -15.0   15.0  -15.0    0.0     -2
  -36.0    0.0  -15.0   15.0  -15.0   15.0     -2
  -36.0    0.0  -15.0   15.0    0.0  -15.0     -2
  -36.0    0.0  -15.0   15.0    0.0    0.0     -4
  -36.0    0.0  -15.0   15.0    0.0   15.0      0        -6.339552        14.326899       116.347922        -4.955467        89.867322        33.453670
  -36.0    0.0  -15.0   15.0   15.0  -15.0     -2
  -36.0    0.0  -15.0   15.0   15.0    0.0     -2
  -36.0    0.0  -15.0   15.0   15.0   15.0     -2
  -36.0    0.0    4.0  -15.0  -15.0  -15.0     -1
  -36.0    0.0    4.0  -15.0  -15.0    0.0     -1
  -36.0    0.0    4.0  -15.0  -15.0   15.0     -1
  -36.0    0.0    4.0  -15.0    0.0  -15.0     -2
  -36.0    0.0    4.0  -15.0    0.0    0.0      0        29.573670        94.747922        22.872715       112.192502        24.830845        16.281385
  -36.0    0.0    4.0  -15.0    0.0   15.0      0         9.922730        82.858035        15.519147        96.869562        18.435799        17.029166
  -36.0    0.0    4.0  -15.0   15.0  -15.0     -1
  -36.0    0.0    4.0  -15.0   15.0    0.0     -1
  -36.0    0.0    4.0  -15.0   15.0   15.0     -3
  -36.0    0.0    4.0    0.0  -15.0  -15.0     -1
  -36.0    0.0    4.0    0.0  -15.0    0.0     -1
  -36.0    0.0    4.0    0.0  -15.0   15.0     -2
  -36.0    0.0    4.0    0.0    0.0  -15.0      0        16.850021       102.560435        46.405877       105.420631        39.612666        51.278410
  -36.0    0.0    4.0    0.0    0.0    0.0      0        -0.739339        82.256073        44.625886        89.846627        33.752240        48.834275
  -36.0    0.0    4.0    0.0    0.0   15.0     -2
  -36.0    0.0    4.0    0.0   15.0  -15.0     -2
  -36.0    0.0    4.0    0.0   15.0    0.0      0         5.371229        54.085402        67.178709       113.982523         6.080084        54.487489
  -36.0    0.0    4.0    0.0   15.0   15.0      0       -22.924654        44.177149        61.414228        98.556486        -0.748548        54.262931
  -36.0    0.0    4.0   15.0  -15.0  -15.0     -1
  -36.0    0.0    4.0   15.0  -15.0    0.0     -1
  -36.0    0.0    4.0   15.0  -15.0   15.0     -1
  -36.0    0.0    4.0   15.0    0.0  -15.0     -2
  -36.0    0.0    4.0   15.0    0.0    0.0     -1
  -36.0    0.0    4.0   15.0    0.0   15.0     -1
  -36.0    0.0    4.0   15.0   15.0  -15.0      0        -9.137852        60.121828        87.296363       111.655742        21.696534        87.615055
  -36.0    0.0    4.0   15.0   15.0    0.0     -2
  -36.0    0.0    4.0   15.0   15.0   15.0     -1
  -36.0    0.0   23.0  -15.0  -15.0  -15.0     -1
  -36.0    0.0   23.0  -15.0  -15.0    0.0     -2
  -36.0    0.0   23.0  -15.0  -15.0   15.0     -1
  -36.0    0.0   23.0  -15.0    0.0  -15.0     -1
  -36.0    0.0   23.0  -15.0    0.0    0.0     -1
  -36.0    0.0   23.0  -15.0    0.0   15.0     -1
  -36.0    0.0   23.0  -15.0   15.0  -15.0     -1
  -36.0    0.0   23.0  -15.0   15.0    0.0     -1
  -36.0    0.0   23.0  -15.0   15.0   15.0     -1
  -36.0    0.0   23.0    0.0  -15.0  -15.0     -1
  -36.0    0.0   23.0    0.0  -15.0    0.0     -1
  -36.0    0.0   23.0    0.0  -15.0   15.0     -1
  -36.0    0.0   23.0    0.0    0.0  -15.0     -1
  -36.0    0.0   23.0    0.0    0.0    0.0     -1
  -36.0    0.0   23.0    0.0    0.0   15.0     -1
  -36.0    0.0   23.0    0.0   15.0  -15.0     -1
  -36.0    0.0   23.0    0.0   15.0    0.0     -1
  -36.0    0.0   23.0    0.0   15.0   15.0     -1
  -36.0    0.0   23.0   15.0  -15.0  -15.0     -1
  -36.0    0.0   23.0   15.0  -15.0    0.0     -1
  -36.0    0.0   23.0   15.0  -15.0   15.0     -1
  -36.0    0.0   23.0   15.0    0.0  -15.0     -1
  -36.0    0.0   23.0   15.0    0.0    0.0     -1
  -36.0    0.0   23.0   15.0    0.0   15.0     -1
  -36.0    0.0   23.0   15.0   15.0  -15.0     -1
  -36.0    0.0   23.0   15.0   15.0    0.0     -1
  -36.0    0.0   23.0   15.0   15.0   15.0     -1
  -36.0   36.0  -15.0  -15.0  -15.0  -15.0     -2
  -36.0   36.0  -15.0  -15.0  -15.0    0.0     -2
  -36.0   36.0  -15.0  -15.0  -15.0   15.0     -2
  -36.0   36.0  -15.0  -15.0    0.0  -15.0     -3
  -36.0   36.0  -15.0  -15.0    0.0    0.0     -2
  -36.0   36.0  -15.0  -15.0    0.0   15.0     -2
  -36.0   36.0  -15.0  -15.0   15.0  -15.0     -1
  -36.0   36.0  -15.0  -15.0   15.0    0.0     -2
  -36.0   36.0  -15.0  -15.0   15.0   15.0     -2
  -36.0   36.0  -15.0    0.0  -15.0  -15.0     -2
  -36.0   36.0  -15.0    0.0  -15.0    0.0     -2
  -36.0   36.0  -15.0    0.0  -15.0   15.0     -2
  -36.0   36.0  -15.0    0.0    0.0  -15.0      0        43.413700        29.623706        65.877407       105.587190        95.200983        21.137094
  -36.0   36.0  -15.0    0.0    0.0    0.0      0        24.932027        22.401612        58.265480        80.978896       100.612959        17.144004
  -36.0   36.0  -15.0    0.0    0.0   15.0      0         5.911631        21.325018        43.905424        60.660004       103.852802        14.061207
  -36.0   36.0  -15.0    0.0   15.0  -15.0     -3
  -36.0   36.0  -15.0    0.0   15.0    0.0      0        29.189605       -10.976279        81.894561       100.608691        63.641910        25.377404
  -36.0   36.0  -15.0    0.0   15.0   15.0      0        10.035414       -10.203217        67.250986        80.469360        63.923200        22.297059
  -36.0   36.0  -15.0   15.0  -15.0  -15.0     -2
  -36.0   36.0  -15.0   15.0  -15.0    0.0     -2
  -36.0   36.0  -15.0   15.0  -15.0   15.0     -3
  -36.0   36.0  -15.0   15.0    0.0  -15.0      0        17.994213        18.871925        85.485219        89.334061       114.126456        53.358934
  -36.0   36.0  -15.0   15.0    0.0    0.0     -2
  -36.0   36.0  -15.0   15.0    0.0   15.0     -2
  -36.0   36.0  -15.0   15.0   15.0  -15.0      0        27.360976       -16.119406       110.921153       112.816876        71.429084        58.212626
  -36.0   36.0  -15.0   15.0   15.0    0.0      0        10.650232       -27.172017       103.981889        86.559978        73.728101        55.357877
  -36.0   36.0  -15.0   15.0   15.0   15.0      0        -8.446392       -23.539197        87.615135        66.106260        74.378038        52.709371
  -36.0   36.0    4.0  -15.0  -15.0  -15.0     -1
  -36.0   36.0    4.0  -15.0  -15.0    0.0     -1
  -36.0   36.0    4.0  -15.0  -15.0   15.0     -1
  -36.0   36.0    4.0  -15.0    0.0  -15.0     -1
  -36.0   36.0    4.0  -15.0    0.0    0.0     -1
  -36.0   36.0    4.0  -15.0    0.0   15.0     -1
  -36.0   36.0    4.0  -15.0   15.0  -15.0     -1
  -36.0   36.0    4.0  -15.0   15.0    0.0     -1
  -36.0   36.0    4.0  -15.0   15.0   15.0     -2
  -36.0   36.0    4.0    0.0  -15.0  -15.0     -1
  -36.0   36.0    4.0    0.0  -15.0    0.0     -1
  -36.0   36.0    4.0    0.0  -15.0   15.0     -1
  -36.0   36.0    4.0    0.0    0.0  -15.0     -1
  -36.0   36.0    4.0    0.0    0.0    0.0     -3
  -36.0   36.0    4.0    0.0    0.0   15.0     -2
  -36.0   36.0    4.0    0.0   15.0  -15.0     -1
  -36.0   36.0    4.0    0.0   15.0    0.0     -1
  -36.0   36.0    4.0    0.0   15.0   15.0     -3
  -36.0   36.0    4.0   15.0  -15.0  -15.0     -1
  -36.0   36.0    4.0   15.0  -15.0    0.0     -1
  -36.0   36.0    4.0   15.0  -15.0   15.0     -1
  -36.0   36.0    4.0   15.0    0.0  -15.0     -1
  -36.0   36.0    4.0   15.0    0.0    0.0     -1
  -36.0   36.0    4.0   15.0    0.0   15.0     -1
  -36.0   36.0    4.0   15.0   15.0  -15.0     -1
  -36.0   36.0    4.0   15.0   15.0    0.0     -1
  -36.0   36.0    4.0   15.0   15.0   15.0     -1
  -36.0   36.0   23.0  -15.0  -15.0  -15.0     -1
  -36.0   36.0   23.0  -15.0  -15.0    0.0     -1
  -36.0   36.0   23.0  -15.0  -15.0   15.0     -1
  -36.0   36.0   23.0  -15.0    0.0  -15.0     -1
  -36.0   36.0   23.0  -15.0    0.0    0.0     -2
  -36.0   36.0   23.0  -15.0    0.0   15.0     -1
  -36.0   36.0   23.0  -15.0   15.0  -15.0     -1
  -36.0   36.0   23.0  -15.0   15.0    0.0     -2
  -36.0   36.0   23.0  -15.0   15.0   15.0     -1
  -36.0   36.0   23.0    0.0  -15.0  -15.0     -1
  -36.0   36.0   23.0    0.0  -15.0    0.0     -1
  -36.0   36.0   23.0    0.0  -15.0   15.0     -1
  -36.0   36.0   23.0    0.0    0.0  -15.0     -1
  -36.0   36.0   23.0    0.0    0.0    0.0     -1
  -36.0   36.0   23.0    0.0    0.0   15.0     -1
  -36.0   36.0   23.0    0.0   15.0  -15.0     -1
  -36.0   36.0   23.0    0.0   15.0    0.0     -1
  -36.0   36.0   23.0    0.0   15.0   15.0     -1
  -36.0   36.0   23.0   15.0  -15.0  -15.0     -1
  -36.0   36.0   23.0   15.0  -15.0    0.0     -1
  -36.0   36.0   23.0   15.0  -15.0   15.0     -1
  -36.0   36.0   23.0   15.0    0.0  -15.0     -1
  -36.0   36.0   23.0   15.0    0.0    0.0     -1
  -36.0   36.0   23.0   15.0    0.0   15.0     -1
  -36.0   36.0   23.0   15.0   15.0  -15.0     -1
  -36.0   36.0   23.0   15.0   15.0    0.0     -1
  -36.0   36.0   23.0   15.0   15.0   15.0     -1
    0.0  -36.0  -15.0  -15.0  -15.0  -15.0      0       115.044457       111.316724        51.097685        -2.954550        88.195345        -7.161290
    0.0  -36.0  -15.0  -15.0  -15.0    0.0     -2
    0.0  -36.0  -15.0  -15.0  -15.0   15.0     -2
    0.0  -36.0  -15.0  -15.0    0.0  -15.0     -4
    0.0  -36.0  -15.0  -15.0    0.0    0.0      0       125.934964        65.070306        70.676989        29.323011        34.929694       -25.934964
    0.0  -36.0  -15.0  -15.0    0.0   15.0     -4
    0.0  -36.0  -15.0  -15.0   15.0  -15.0     -2
    0.0  -36.0  -15.0  -15.0   15.0    0.0     -2
    0.0  -36.0  -15.0  -15.0   15.0   15.0      0       107.161290        11.804655       102.954550        48.902315       -11.316724       -15.044457
    0.0  -36.0  -15.0    0.0  -15.0  -15.0     -2
    0.0  -36.0  -15.0    0.0  -15.0    0.0     -2
    0.0  -36.0  -15.0    0.0  -15.0   15.0     -2
    0.0  -36.0  -15.0    0.0    0.0  -15.0      0        83.701050        75.532315       102.449629         5.118970        61.026120        33.007852
    0.0  -36.0  -15.0    0.0    0.0    0.0      0        78.284980        56.830726       100.805671        -0.805671        43.169274        21.715020
    0.0  -36.0  -15.0    0.0    0.0   15.0      0        66.992148        38.973880        94.881030        -2.449629        24.467685        16.298950
    0.0  -36.0  -15.0    0.0   15.0  -15.0     -2
    0.0  -36.0  -15.0    0.0   15.0    0.0     -2
    0.0  -36.0  -15.0    0.0   15.0   15.0     -2
    0.0  -36.0  -15.0   15.0  -15.0  -15.0     -2
    0.0  -36.0  -15.0   15.0  -15.0    0.0     -2
    0.0  -36.0  -15.0   15.0  -15.0   15.0     -2
    0.0  -36.0  -15.0   15.0    0.0  -15.0     -2
    0.0  -36.0  -15.0   15.0    0.0    0.0     -2
    0.0  -36.0  -15.0   15.0    0.0   15.0     -2
    0.0  -36.0  -15.0   15.0   15.0  -15.0     -2
    0.0  -36.0  -15.0   15.0   15.0    0.0     -2
    0.0  -36.0  -15.0   15.0   15.0   15.0     -2
    0.0  -36.0    4.0  -15.0  -15.0  -15.0     -1
    0.0  -36.0    4.0  -15.0  -15.0    0.0     -1
    0.0  -36.0    4.0  -15.0  -15.0   15.0     -1
    0.0  -36.0    4.0  -15.0    0.0  -15.0     -2
    0.0  -36.0    4.0  -15.0    0.0    0.0      0        61.655239       108.635757        25.520902        74.479098        -8.635757        38.344761
    0.0  -36.0    4.0  -15.0    0.0   15.0     -2
    0.0  -36.0    4.0  -15.0   15.0  -15.0     -1
    0.0  -36.0    4.0  -15.0   15.0    0.0     -1
    0.0  -36.0    4.0  -15.0   15.0   15.0     -1
    0.0  -36.0    4.0    0.0  -15.0  -15.0     -1
    0.0  -36.0    4.0    0.0  -15.0    0.0     -1
    0.0  -36.0    4.0    0.0  -15.0   15.0      0        13.943232       118.058731        19.507732        28.690917        10.657936        56.091409
    0.0  -36.0    4.0    0.0    0.0  -15.0      0        38.196910       121.472536        47.125450        58.955854        18.185166        78.676417
    0.0  -36.0    4.0    0.0    0.0    0.0      0        32.683900        97.951647        44.730445        55.269555         2.048353        67.316100
    0.0  -36.0    4.0    0.0    0.0   15.0      0        21.323583        81.814834        41.044146        52.874550       -21.472536        61.803090
    0.0  -36.0    4.0    0.0   15.0  -15.0      0        43.908591        89.342064        71.309083        80.492268       -18.058731        86.056768
    0.0  -36.0    4.0    0.0   15.0    0.0     -1
    0.0  -36.0    4.0    0.0   15.0   15.0     -1
    0.0  -36.0    4.0   15.0  -15.0  -15.0     -1
    0.0  -36.0    4.0   15.0  -15.0    0.0     -1
    0.0  -36.0    4.0   15.0  -15.0   15.0     -1
    0.0  -36.0    4.0   15.0    0.0  -15.0     -1
    0.0  -36.0    4.0   15.0    0.0    0.0     -2
    0.0  -36.0    4.0   15.0    0.0   15.0     -1
    0.0  -36.0    4.0   15.0   15.0  -15.0     -1
    0.0  -36.0    4.0   15.0   15.0    0.0     -1
    0.0  -36.0    4.0   15.0   15.0   15.0     -1
    0.0  -36.0   23.0  -15.0  -15.0  -15.0     -1
    0.0  -36.0   23.0  -15.0  -15.0    0.0     -1
    0.0  -36.0   23.0  -15.0  -15.0   15.0     -1
    0.0  -36.0   23.0  -15.0    0.0  -15.0     -1
    0.0  -36.0   23.0  -15.0    0.0    0.0     -1
    0.0  -36.0   23.0  -15.0    0.0   15.0     -1
    0.0  -36.0   23.0  -15.0   15.0  -15.0     -1
    0.0  -36.0   23.0  -15.0   15.0    0.0     -2
    0.0  -36.0   23.0  -15.0   15.0   15.0     -1
    0.0  -36.0   23.0    0.0  -15.0  -15.0     -1
    0.0  -36.0   23.0    0.0  -15.0    0.0     -1
    0.0  -36.0   23.0    0.0  -15.0   15.0     -1
    0.0  -36.0   23.0    0.0    0.0  -15.0     -1
    0.0  -36.0   23.0    0.0    0.0    0.0     -1
    0.0  -36.0   23.0    0.0    0.0   15.0     -1
    0.0  -36.0   23.0    0.0   15.0  -15.0     -1
    0.0  -36.0   23.0    0.0   15.0    0.0     -1
    0.0  -36.0   23.0    0.0   15.0   15.0     -1
    0.0  -36.0   23.0   15.0  -15.0  -15.0     -1
    0.0  -36.0   23.0   15.0  -15.0    0.0     -1
    0.0  -36.0   23.0   15.0  -15.0   15.0     -1
    0.0  -36.0   23.0   15.0    0.0  -15.0     -1
    0.0  -36.0   23.0   15.0    0.0    0.0     -1
    0.0  -36.0   23.0   15.0    0.0   15.0     -1
    0.0  -36.0   23.0   15.0   15.0  -15.0     -1
    0.0  -36.0   23.0   15.0   15.0    0.0     -1
    0.0  -36.0   23.0   15.0   15.0   15.0     -1
    0.0    0.0  -15.0  -15.0  -15.0  -15.0     -2
    0.0    0.0  -15.0  -15.0  -15.0    0.0     -2
    0.0    0.0  -15.0  -15.0  -15.0   15.0     -2
    0.0    0.0  -15.0  -15.0    0.0  -15.0     -2
    0.0    0.0  -15.0  -15.0    0.0    0.0     -2
    0.0    0.0  -15.0  -15.0    0.0   15.0     -2
    0.0    0.0  -15.0  -15.0   15.0  -15.0     -2
    0.0    0.0  -15.0  -15.0   15.0    0.0     -2
    0.0    0.0  -15.0  -15.0   15.0   15.0     -2
    0.0    0.0  -15.0    0.0  -15.0  -15.0     -2
    0.0    0.0  -15.0    0.0  -15.0    0.0     -2
    0.0    0.0  -15.0    0.0  -15.0   15.0     -2
    0.0    0.0  -15.0    0.0    0.0  -15.0      0        98.978485        27.028552        98.978485        27.028552        98.978485        27.028552
    0.0    0.0  -15.0    0.0    0.0    0.0      0        87.543541        12.456459        87.543541        12.456459        87.543541        12.456459
    0.0    0.0  -15.0    0.0    0.0   15.0      0        72.971448         1.021515        72.971448         1.021515        72.971448         1.021515
    0.0    0.0  -15.0    0.0   15.0  -15.0     -2
    0.0    0.0  -15.0    0.0   15.0    0.0     -2
    0.0    0.0  -15.0    0.0   15.0   15.0     -2
    0.0    0.0  -15.0   15.0  -15.0  -15.0     -2
    0.0    0.0  -15.0   15.0  -15.0    0.0     -2
    0.0    0.0  -15.0   15.0  -15.0   15.0     -2
    0.0    0.0  -15.0   15.0    0.0  -15.0     -2
    0.0    0.0  -15.0   15.0    0.0    0.0     -2
    0.0    0.0  -15.0   15.0    0.0   15.0     -2
    0.0    0.0  -15.0   15.0   15.0  -15.0     -2
    0.0    0.0  -15.0   15.0   15.0    0.0     -2
    0.0    0.0  -15.0   15.0   15.0   15.0     -2
    0.0    0.0    4.0  -15.0  -15.0  -15.0     -2
    0.0    0.0    4.0  -15.0  -15.0    0.0      0        62.925546       106.563782       -12.730721        59.541038        56.787325        29.207584
    0.0    0.0    4.0  -15.0  -15.0   15.0     -1
    0.0    0.0    4.0  -15.0    0.0  -15.0      0        76.712603        81.910360        25.248321        94.147527        35.969320        43.027209
    0.0    0.0    4.0  -15.0    0.0    0.0      0        68.254668        71.438915        17.401620        82.598380        28.561085        31.745332
    0.0    0.0    4.0  -15.0    0.0   15.0      0        56.972791        64.030680         5.852473        74.751679        18.089640        23.287397
    0.0    0.0    4.0  -15.0   15.0  -15.0     -1
    0.0    0.0    4.0  -15.0   15.0    0.0      0        70.792416        43.212675        40.458962       112.730721        -6.563782        37.074454
    0.0    0.0    4.0  -15.0   15.0   15.0     -2
    0.0    0.0    4.0    0.0  -15.0  -15.0      0        39.700704       105.692427        22.748841        49.602294        74.939304        67.337703
    0.0    0.0    4.0    0.0  -15.0    0.0      0        32.080258        92.523387        15.275802        38.840975        66.318266        56.865755
    0.0    0.0    4.0    0.0  -15.0   15.0      0        21.535923        84.372893         3.915018        30.855198        54.977064        49.098086
    0.0    0.0    4.0    0.0    0.0  -15.0      0        45.440267        72.561894        45.440267        72.561894        45.440267        72.561894
    0.0    0.0    4.0    0.0    0.0    0.0      0        37.836668        62.163332        37.836668        62.163332        37.836668        62.163332
    0.0    0.0    4.0    0.0    0.0   15.0      0        27.438106        54.559733        27.438106        54.559733        27.438106        54.559733
    0.0    0.0    4.0    0.0   15.0  -15.0      0        50.901914        45.022936        69.144802        96.084982        15.627107        78.464077
    0.0    0.0    4.0    0.0   15.0    0.0      0        43.134245        33.681734        61.159025        84.724198         7.476613        67.919742
    0.0    0.0    4.0    0.0   15.0   15.0      0        32.662297        25.060696        50.397706        77.251159        -5.692427        60.299296
    0.0    0.0    4.0   15.0  -15.0  -15.0      0         6.769643        91.966112        41.110608        27.782187        87.209709        93.743867
    0.0    0.0    4.0   15.0  -15.0    0.0      0        -3.059570        80.894674        33.257901        15.301218        77.886890        83.257467
    0.0    0.0    4.0   15.0  -15.0   15.0      0       -24.045337        73.370328        22.473839         6.066735        65.638498        76.363520
    0.0    0.0    4.0   15.0    0.0  -15.0      0        14.689022        62.582873        64.987342        54.207538        55.452596       106.355266
    0.0    0.0    4.0   15.0    0.0    0.0      0         6.729920        52.210797        56.703242        43.296758        47.789203        93.270080
    0.0    0.0    4.0   15.0    0.0   15.0      0        -6.355266        44.547404        45.792462        35.012658        37.417127        85.310978
    0.0    0.0    4.0   15.0   15.0  -15.0      0        23.636480        34.361502        93.933265        77.526161        26.629672       124.045337
    0.0    0.0    4.0   15.0   15.0    0.0      0        16.742533        22.113110        84.698782        66.742099        19.105326       103.059570
    0.0    0.0    4.0   15.0   15.0   15.0      0         6.256133        12.790291        72.217813        58.889392         8.033888        93.230357
    0.0    0.0   23.0  -15.0  -15.0  -15.0     -1
    0.0    0.0   23.0  -15.0  -15.0    0.0     -1
    0.0    0.0   23.0  -15.0  -15.0   15.0     -1
    0.0    0.0   23.0  -15.0    0.0  -15.0     -1
    0.0    0.0   23.0  -15.0    0.0    0.0     -1
    0.0    0.0   23.0  -15.0    0.0   15.0     -1
    0.0    0.0   23.0  -15.0   15.0  -15.0     -1
    0.0    0.0   23.0  -15.0   15.0    0.0     -1
    0.0    0.0   23.0  -15.0   15.0   15.0     -1
    0.0    0.0   23.0    0.0  -15.0  -15.0     -2
    0.0    0.0   23.0    0.0  -15.0    0.0     -1
    0.0    0.0   23.0    0.0  -15.0   15.0     -1
    0.0    0.0   23.0    0.0    0.0  -15.0     -1
    0.0    0.0   23.0    0.0    0.0    0.0      0       -20.608803       120.608803       -20.608803       120.608803       -20.608803       120.608803
    0.0    0.0   23.0    0.0    0.0   15.0     -1
    0.0    0.0   23.0    0.0   15.0  -15.0     -1
    0.0    0.0   23.0    0.0   15.0    0.0     -1
    0.0    0.0   23.0    0.0   15.0   15.0     -2
    0.0    0.0   23.0   15.0  -15.0  -15.0     -1
    0.0    0.0   23.0   15.0  -15.0    0.0     -1
    0.0    0.0   23.0   15.0  -15.0   15.0     -1
    0.0    0.0   23.0   15.0    0.0  -15.0     -1
    0.0    0.0   23.0   15.0    0.0    0.0     -1
    0.0    0.0   23.0   15.0    0.0   15.0     -1
    0.0    0.0   23.0   15.0   15.0  -15.0     -1
    0.0    0.0   23.0   15.0   15.0    0.0     -1
    0.0    0.0   23.0   15.0   15.0   15.0     -1
    0.0   36.0  -15.0  -15.0  -15.0  -15.0     -2
    0.0   36.0  -15.0  -15.0  -15.0    0.0     -2
    0.0   36.0  -15.0  -15.0  -15.0   15.0     -2
    0.0   36.0  -15.0  -15.0    0.0  -15.0     -2
    0.0   36.0  -15.0  -15.0    0.0    0.0     -2
    0.0   36.0  -15.0  -15.0    0.0   15.0     -2
    0.0   36.0  -15.0  -15.0   15.0  -15.0     -2
    0.0   36.0  -15.0  -15.0   15.0    0.0     -2
    0.0   36.0  -15.0  -15.0   15.0   15.0     -2
    0.0   36.0  -15.0    0.0  -15.0  -15.0     -2
    0.0   36.0  -15.0    0.0  -15.0    0.0     -2
    0.0   36.0  -15.0    0.0  -15.0   15.0     -2
    0.0   36.0  -15.0    0.0    0.0  -15.0      0        78.400036         0.669658        65.444610        68.890882       100.091533        48.892653
    0.0   36.0  -15.0    0.0    0.0    0.0      0        64.304115        -2.812231        50.490658        49.509342       102.812231        35.695885
    0.0   36.0  -15.0    0.0    0.0   15.0      0        51.107347        -0.091533        31.109118        34.555390        99.330342        21.599964
    0.0   36.0  -15.0    0.0   15.0  -15.0     -2
    0.0   36.0  -15.0    0.0   15.0    0.0     -2
    0.0   36.0  -15.0    0.0   15.0   15.0     -2
    0.0   36.0  -15.0   15.0  -15.0  -15.0     -2
    0.0   36.0  -15.0   15.0  -15.0    0.0     -2
    0.0   36.0  -15.0   15.0  -15.0   15.0     -2
    0.0   36.0  -15.0   15.0    0.0  -15.0      0        45.809309       -22.670778        88.616297        51.532123       116.735028        74.207647
    0.0   36.0  -15.0   15.0    0.0    0.0      0        35.994901       -25.814517        70.042655        29.957345       125.814517        64.005099
    0.0   36.0  -15.0   15.0    0.0   15.0      0        25.792353       -16.735028        48.467877        11.383703       122.670778        54.190691
    0.0   36.0  -15.0   15.0   15.0  -15.0     -2
    0.0   36.0  -15.0   15.0   15.0    0.0     -2
    0.0   36.0  -15.0   15.0   15.0   15.0     -2
    0.0   36.0    4.0  -15.0  -15.0  -15.0     -1
    0.0   36.0    4.0  -15.0  -15.0    0.0     -1
    0.0   36.0    4.0  -15.0  -15.0   15.0     -1
    0.0   36.0    4.0  -15.0    0.0  -15.0     -1
    0.0   36.0    4.0  -15.0    0.0    0.0     -2
    0.0   36.0    4.0  -15.0    0.0   15.0     -1
    0.0   36.0    4.0  -15.0   15.0  -15.0     -1
    0.0   36.0    4.0  -15.0   15.0    0.0     -1
    0.0   36.0    4.0  -15.0   15.0   15.0     -1
    0.0   36.0    4.0    0.0  -15.0  -15.0      0        25.483231        82.679353       -14.463604        89.244622        79.957043        84.069285
    0.0   36.0    4.0    0.0  -15.0    0.0     -1
    0.0   36.0    4.0    0.0  -15.0   15.0     -1
    0.0   36.0    4.0    0.0    0.0  -15.0     -2
    0.0   36.0    4.0    0.0    0.0    0.0      0        21.344070        48.846918         4.704943        95.295057        51.153082        78.655930
    0.0   36.0    4.0    0.0    0.0   15.0     -2
    0.0   36.0    4.0    0.0   15.0  -15.0     -1
    0.0   36.0    4.0    0.0   15.0    0.0     -1
    0.0   36.0    4.0    0.0   15.0   15.0      0        15.930715        20.042957        10.755378       114.463604        17.320647        74.516769
    0.0   36.0    4.0   15.0  -15.0  -15.0      0        -6.408760        71.286473        14.844138        69.253417        90.704636       109.757745
    0.0   36.0    4.0   15.0  -15.0    0.0      0       -19.089177        68.121449        -2.930853        51.689688        92.031114        98.229156
    0.0   36.0    4.0   15.0  -15.0   15.0     -1
    0.0   36.0    4.0   15.0    0.0  -15.0      0         2.147248        42.116459        39.263192        95.978775        60.737828       123.071834
    0.0   36.0    4.0   15.0    0.0    0.0      0        -8.469923        38.988443        25.033923        74.966077        61.011557       108.469923
    0.0   36.0    4.0   15.0    0.0   15.0      0       -23.071834        39.262172         4.021225        60.736808        57.883541        97.852752
    0.0   36.0    4.0   15.0   15.0  -15.0     -2
    0.0   36.0    4.0   15.0   15.0    0.0      0         1.770844         7.968886        48.310312       102.930853        31.878551       119.089177
    0.0   36.0    4.0   15.0   15.0   15.0      0        -9.757745         9.295364        30.746583        85.155862        28.713527       106.408760
    0.0   36.0   23.0  -15.0  -15.0  -15.0     -1
    0.0   36.0   23.0  -15.0  -15.0    0.0     -1
    0.0   36.0   23.0  -15.0  -15.0   15.0     -1
    0.0   36.0   23.0  -15.0    0.0  -15.0     -1
    0.0   36.0   23.0  -15.0    0.0    0.0     -1
    0.0   36.0   23.0  -15.0    0.0   15.0     -1
    0.0   36.0   23.0  -15.0   15.0  -15.0     -1
    0.0   36.0   23.0  -15.0   15.0    0.0     -1
    0.0   36.0   23.0  -15.0   15.0   15.0     -1
    0.0   36.0   23.0    0.0  -15.0  -15.0     -1
    0.0   36.0   23.0    0.0  -15.0    0.0     -1
    0.0   36.0   23.0    0.0  -15.0   15.0     -1
    0.0   36.0   23.0    0.0    0.0  -15.0     -1
    0.0   36.0   23.0    0.0    0.0    0.0     -1
    0.0   36.0   23.0    0.0    0.0   15.0     -1
    0.0   36.0   23.0    0.0   15.0  -15.0     -1
    0.0   36.0   23.0    0.0   15.0    0.0     -1
    0.0   36.0   23.0    0.0   15.0   15.0     -1
    0.0   36.0   23.0   15.0  -15.0  -15.0     -1
    0.0   36.0   23.0   15.0  -15.0    0.0     -1
    0.0   36.0   23.0   15.0  -15.0   15.0     -1
    0.0   36.0   23.0   15.0    0.0  -15.0     -1
    0.0   36.0   23.0   15.0    0.0    0.0     -1
    0.0   36.0   23.0   15.0    0.0   15.0     -1
    0.0   36.0   23.0   15.0   15.0  -15.0     -1
    0.0   36.0   23.0   15.0   15.0    0.0     -1
    0.0   36.0   23.0   15.0   15.0   15.0     -1
   36.0  -36.0  -15.0  -15.0  -15.0  -15.0      0       114.655464       105.278122        30.534626       -12.995972        61.518945        58.066816
   36.0  -36.0  -15.0  -15.0  -15.0    0.0      0       127.641668        92.139323        23.160331        -9.045724        40.961085        34.199751
   36.0  -36.0  -15.0  -15.0  -15.0   15.0     -4
   36.0  -36.0  -15.0  -15.0    0.0  -15.0     -4
   36.0  -36.0  -15.0  -15.0    0.0    0.0     -2
   36.0  -36.0  -15.0  -15.0    0.0   15.0     -2
   36.0  -36.0  -15.0  -15.0   15.0  -15.0     -2
   36.0  -36.0  -15.0  -15.0   15.0    0.0     -2
   36.0  -36.0  -15.0  -15.0   15.0   15.0     -2
   36.0  -36.0  -15.0    0.0  -15.0  -15.0     -2
   36.0  -36.0  -15.0    0.0  -15.0    0.0     -2
   36.0  -36.0  -15.0    0.0  -15.0   15.0     -2
   36.0  -36.0  -15.0    0.0    0.0  -15.0      0        88.735133        75.551447        69.498277        -5.293031        42.495902        84.860733
   36.0  -36.0  -15.0    0.0    0.0    0.0      0        92.720168        61.450844        58.777201        -2.041720        22.997099        62.208188
   36.0  -36.0  -15.0    0.0    0.0   15.0      0        91.272277        46.098992        49.191465         5.029681        -4.657560        47.541107
   36.0  -36.0  -15.0    0.0   15.0  -15.0     -2
   36.0  -36.0  -15.0    0.0   15.0    0.0      0        99.978519        30.251218       103.947957        26.706522       -11.863384        68.375370
   36.0  -36.0  -15.0    0.0   15.0   15.0     -2
   36.0  -36.0  -15.0   15.0  -15.0  -15.0     -2
   36.0  -36.0  -15.0   15.0  -15.0    0.0     -2
   36.0  -36.0  -15.0   15.0  -15.0   15.0     -2
   36.0  -36.0  -15.0   15.0    0.0  -15.0     -2
   36.0  -36.0  -15.0   15.0    0.0    0.0     -2
   36.0  -36.0  -15.0   15.0    0.0   15.0     -4
   36.0  -36.0  -15.0   15.0   15.0  -15.0     -2
   36.0  -36.0  -15.0   15.0   15.0    0.0     -2
   36.0  -36.0  -15.0   15.0   15.0   15.0     -2
   36.0  -36.0    4.0  -15.0  -15.0  -15.0     -1
   36.0  -36.0    4.0  -15.0  -15.0    0.0     -1
   36.0  -36.0    4.0  -15.0  -15.0   15.0     -1
   36.0  -36.0    4.0  -15.0    0.0  -15.0     -2
   36.0  -36.0    4.0  -15.0    0.0    0.0     -1
   36.0  -36.0    4.0  -15.0    0.0   15.0     -1
   36.0  -36.0    4.0  -15.0   15.0  -15.0     -1
   36.0  -36.0    4.0  -15.0   15.0    0.0     -1
   36.0  -36.0    4.0  -15.0   15.0   15.0     -1
   36.0  -36.0    4.0    0.0  -15.0  -15.0     -1
   36.0  -36.0    4.0    0.0  -15.0    0.0     -1
   36.0  -36.0    4.0    0.0  -15.0   15.0     -2
   36.0  -36.0    4.0    0.0    0.0  -15.0     -1
   36.0  -36.0    4.0    0.0    0.0    0.0     -2
   36.0  -36.0    4.0    0.0    0.0   15.0     -1
   36.0  -36.0    4.0    0.0   15.0  -15.0     -1
   36.0  -36.0    4.0    0.0   15.0    0.0     -1
   36.0  -36.0    4.0    0.0   15.0   15.0     -1
   36.0  -36.0    4.0   15.0  -15.0  -15.0     -1
   36.0  -36.0    4.0   15.0  -15.0    0.0     -1
   36.0  -36.0    4.0   15.0  -15.0   15.0     -1
   36.0  -36.0    4.0   15.0    0.0  -15.0     -1
   36.0  -36.0    4.0   15.0    0.0    0.0     -1
   36.0  -36.0    4.0   15.0    0.0   15.0     -1
   36.0  -36.0    4.0   15.0   15.0  -15.0     -1
   36.0  -36.0    4.0   15.0   15.0    0.0     -1
   36.0  -36.0    4.0   15.0   15.0   15.0     -1
   36.0  -36.0   23.0  -15.0  -15.0  -15.0     -1
   36.0  -36.0   23.0  -15.0  -15.0    0.0     -1
   36.0  -36.0   23.0  -15.0  -15.0   15.0     -1
   36.0  -36.0   23.0  -15.0    0.0  -15.0     -1
   36.0  -36.0   23.0  -15.0    0.0    0.0     -1
   36.0  -36.0   23.0  -15.0    0.0   15.0     -1
   36.0  -36.0   23.0  -15.0   15.0  -15.0     -1
   36.0  -36.0   23.0  -15.0   15.0    0.0     -3
   36.0  -36.0   23.0  -15.0   15.0   15.0     -1
   36.0  -36.0   23.0    0.0  -15.0  -15.0     -1
   36.0  -36.0   23.0    0.0  -15.0    0.0     -1
   36.0  -36.0   23.0    0.0  -15.0   15.0     -1
   36.0  -36.0   23.0    0.0    0.0  -15.0     -1
   36.0  -36.0   23.0    0.0    0.0    0.0     -1
   36.0  -36.0   23.0    0.0    0.0   15.0     -1
   36.0  -36.0   23.0    0.0   15.0  -15.0     -1
   36.0  -36.0   23.0    0.0   15.0    0.0     -2
   36.0  -36.0   23.0    0.0   15.0   15.0     -2
   36.0  -36.0   23.0   15.0  -15.0  -15.0     -1
   36.0  -36.0   23.0   15.0  -15.0    0.0     -1
   36.0  -36.0   23.0   15.0  -15.0   15.0     -1
   36.0  -36.0   23.0   15.0    0.0  -15.0     -1
   36.0  -36.0   23.0   15.0    0.0    0.0     -1
   36.0  -36.0   23.0   15.0    0.0   15.0     -1
   36.0  -36.0   23.0   15.0   15.0  -15.0     -1
   36.0  -36.0   23.0   15.0   15.0    0.0     -1
   36.0  -36.0   23.0   15.0   15.0   15.0     -1
   36.0    0.0  -15.0  -15.0  -15.0  -15.0     -2
   36.0    0.0  -15.0  -15.0  -15.0    0.0     -2
   36.0    0.0  -15.0  -15.0  -15.0   15.0     -2
   36.0    0.0  -15.0  -15.0    0.0  -15.0     -2
   36.0    0.0  -15.0  -15.0    0.0    0.0     -2
   36.0    0.0  -15.0  -15.0    0.0   15.0     -2
   36.0    0.0  -15.0  -15.0   15.0  -15.0     -2
   36.0    0.0  -15.0  -15.0   15.0    0.0     -2
   36.0    0.0  -15.0  -15.0   15.0   15.0     -2
   36.0    0.0  -15.0    0.0  -15.0  -15.0      0        95.105026        57.185092        44.306148       -29.467310       113.093901        72.586074
   36.0    0.0  -15.0    0.0  -15.0    0.0     -2
   36.0    0.0  -15.0    0.0  -15.0   15.0     -4
   36.0    0.0  -15.0    0.0    0.0  -15.0      0       104.283629        27.280854        67.175400        14.919407        73.950291        77.167594
   36.0    0.0  -15.0    0.0    0.0    0.0      0       107.890144        17.202531        50.527657         7.976391        63.425636        56.892970
   36.0    0.0  -15.0    0.0    0.0   15.0      0       105.592111         7.801634        34.471368         7.205528        47.545837        39.416715
   36.0    0.0  -15.0    0.0   15.0  -15.0     -2
   36.0    0.0  -15.0    0.0   15.0    0.0     -4
   36.0    0.0  -15.0    0.0   15.0   15.0     -2
   36.0    0.0  -15.0   15.0  -15.0  -15.0     -2
   36.0    0.0  -15.0   15.0  -15.0    0.0     -2
   36.0    0.0  -15.0   15.0  -15.0   15.0     -2
   36.0    0.0  -15.0   15.0    0.0  -15.0      0        66.546330        10.132678       104.955467       -16.347922        85.673101       106.339552
   36.0    0.0  -15.0   15.0    0.0    0.0     -4
   36.0    0.0  -15.0   15.0    0.0   15.0     -2
   36.0    0.0  -15.0   15.0   15.0  -15.0     -2
   36.0    0.0  -15.0   15.0   15.0    0.0     -2
   36.0    0.0  -15.0   15.0   15.0   15.0     -2
   36.0    0.0    4.0  -15.0  -15.0  -15.0     -3
   36.0    0.0    4.0  -15.0  -15.0    0.0     -1
   36.0    0.0    4.0  -15.0  -15.0   15.0     -1
   36.0    0.0    4.0  -15.0    0.0  -15.0      0        82.970834        81.564201         3.130438        84.480853        17.141965        90.077270
   36.0    0.0    4.0  -15.0    0.0    0.0      0        83.718615        75.169155       -12.192502        77.127285         5.252078        70.426330
   36.0    0.0    4.0  -15.0    0.0   15.0     -2
   36.0    0.0    4.0  -15.0   15.0  -15.0     -1
   36.0    0.0    4.0  -15.0   15.0    0.0     -1
   36.0    0.0    4.0  -15.0   15.0   15.0     -1
   36.0    0.0    4.0    0.0  -15.0  -15.0      0        45.737069       100.748548         1.443514        38.585772        55.822851       122.924654
   36.0    0.0    4.0    0.0  -15.0    0.0      0        45.512511        93.919916       -13.982523        32.821291        45.914598        94.628771
   36.0    0.0    4.0    0.0  -15.0   15.0     -2
   36.0    0.0    4.0    0.0    0.0  -15.0     -2
   36.0    0.0    4.0    0.0    0.0    0.0      0        51.165725        66.247760        10.153373        55.374114        17.743927       100.739339
   36.0    0.0    4.0    0.0    0.0   15.0      0        48.721590        60.387334        -5.420631        53.594123        -2.560435        83.149979
   36.0    0.0    4.0    0.0   15.0  -15.0     -2
   36.0    0.0    4.0    0.0   15.0    0.0     -1
   36.0    0.0    4.0    0.0   15.0   15.0     -1
   36.0    0.0    4.0   15.0  -15.0  -15.0     -1
   36.0    0.0    4.0   15.0  -15.0    0.0     -2
   36.0    0.0    4.0   15.0  -15.0   15.0      0        12.384945        78.303466       -11.655742        12.703637        39.878172       109.137852
   36.0    0.0    4.0   15.0    0.0  -15.0     -1
   36.0    0.0    4.0   15.0    0.0    0.0     -1
   36.0    0.0    4.0   15.0    0.0   15.0     -2
   36.0    0.0    4.0   15.0   15.0  -15.0     -1
   36.0    0.0    4.0   15.0   15.0    0.0     -1
   36.0    0.0    4.0   15.0   15.0   15.0     -1
   36.0    0.0   23.0  -15.0  -15.0  -15.0     -1
   36.0    0.0   23.0  -15.0  -15.0    0.0     -1
   36.0    0.0   23.0  -15.0  -15.0   15.0     -1
   36.0    0.0   23.0  -15.0    0.0  -15.0     -1
   36.0    0.0   23.0  -15.0    0.0    0.0     -1
   36.0    0.0   23.0  -15.0    0.0   15.0     -1
   36.0    0.0   23.0  -15.0   15.0  -15.0     -3
   36.0    0.0   23.0  -15.0   15.0    0.0     -1
   36.0    0.0   23.0  -15.0   15.0   15.0     -1
   36.0    0.0   23.0    0.0  -15.0  -15.0     -1
   36.0    0.0   23.0    0.0  -15.0    0.0     -1
   36.0    0.0   23.0    0.0  -15.0   15.0     -1
   36.0    0.0   23.0    0.0    0.0  -15.0     -3
   36.0    0.0   23.0    0.0    0.0    0.0     -1
   36.0    0.0   23.0    0.0    0.0   15.0     -1
   36.0    0.0   23.0    0.0   15.0  -15.0     -1
   36.0    0.0   23.0    0.0   15.0    0.0     -1
   36.0    0.0   23.0    0.0   15.0   15.0     -2
   36.0    0.0   23.0   15.0  -15.0  -15.0     -1
   36.0    0.0   23.0   15.0  -15.0    0.0     -1
   36.0    0.0   23.0   15.0  -15.0   15.0     -1
   36.0    0.0   23.0   15.0    0.0  -15.0     -1
   36.0    0.0   23.0   15.0    0.0    0.0     -1
   36.0    0.0   23.0   15.0    0.0   15.0     -1
   36.0    0.0   23.0   15.0   15.0  -15.0     -1
   36.0    0.0   23.0   15.0   15.0    0.0     -1
   36.0    0.0   23.0   15.0   15.0   15.0     -1
   36.0   36.0  -15.0  -15.0  -15.0  -15.0     -2
   36.0   36.0  -15.0  -15.0  -15.0    0.0     -2
   36.0   36.0  -15.0  -15.0  -15.0   15.0     -2
   36.0   36.0  -15.0  -15.0    0.0  -15.0     -2
   36.0   36.0  -15.0  -15.0    0.0    0.0     -2
   36.0   36.0  -15.0  -15.0    0.0   15.0     -2
   36.0   36.0  -15.0  -15.0   15.0  -15.0     -2
   36.0   36.0  -15.0  -15.0   15.0    0.0     -2
   36.0   36.0  -15.0  -15.0   15.0   15.0     -2
   36.0   36.0  -15.0    0.0  -15.0  -15.0      0        77.702941        36.076800        19.530640        32.749014       110.203217        89.964586
   36.0   36.0  -15.0    0.0  -15.0    0.0      0        74.622596        36.358090        -0.608691        18.105439       110.976279        70.810395
   36.0   36.0  -15.0    0.0  -15.0   15.0     -3
   36.0   36.0  -15.0    0.0    0.0  -15.0      0        85.938793        -3.852802        39.339996        56.094576        78.674982        94.088369
   36.0   36.0  -15.0    0.0    0.0    0.0      0        82.855996        -0.612959        19.021104        41.734520        77.598388        75.067973
   36.0   36.0  -15.0    0.0    0.0   15.0      0        78.862906         4.799017        -5.587190        34.122593        70.376294        56.586300
   36.0   36.0  -15.0    0.0   15.0  -15.0     -2
   36.0   36.0  -15.0    0.0   15.0    0.0     -2
   36.0   36.0  -15.0    0.0   15.0   15.0     -2
   36.0   36.0  -15.0   15.0  -15.0  -15.0      0        47.290629        25.621962        33.893740        12.384865       123.539197       108.446392
   36.0   36.0  -15.0   15.0  -15.0    0.0      0        44.642123        26.271899        13.440022        -3.981889       127.172017        89.349768
   36.0   36.0  -15.0   15.0  -15.0   15.0      0        41.787374        28.570916       -12.816876       -10.921153       116.119406        72.639024
   36.0   36.0  -15.0   15.0    0.0  -15.0     -2
   36.0   36.0  -15.0   15.0    0.0    0.0     -2
   36.0   36.0  -15.0   15.0    0.0   15.0      0        46.641066       -14.126456        10.665939        14.514781        81.128075        82.005787
   36.0   36.0  -15.0   15.0   15.0  -15.0     -2
   36.0   36.0  -15.0   15.0   15.0    0.0     -2
   36.0   36.0  -15.0   15.0   15.0   15.0     -2
   36.0   36.0    4.0  -15.0  -15.0  -15.0     -1
   36.0   36.0    4.0  -15.0  -15.0    0.0     -1
   36.0   36.0    4.0  -15.0  -15.0   15.0     -1
   36.0   36.0    4.0  -15.0    0.0  -15.0     -1
   36.0   36.0    4.0  -15.0    0.0    0.0     -1
   36.0   36.0    4.0  -15.0    0.0   15.0     -1
   36.0   36.0    4.0  -15.0   15.0  -15.0     -1
   36.0   36.0    4.0  -15.0   15.0    0.0     -3
   36.0   36.0    4.0  -15.0   15.0   15.0     -1
   36.0   36.0    4.0    0.0  -15.0  -15.0     -1
   36.0   36.0    4.0    0.0  -15.0    0.0     -1
   36.0   36.0    4.0    0.0  -15.0   15.0     -1
   36.0   36.0    4.0    0.0    0.0  -15.0     -2
   36.0   36.0    4.0    0.0    0.0    0.0     -3
   36.0   36.0    4.0    0.0    0.0   15.0     -1
   36.0   36.0    4.0    0.0   15.0  -15.0     -1
   36.0   36.0    4.0    0.0   15.0    0.0     -1
   36.0   36.0    4.0    0.0   15.0   15.0     -3
   36.0   36.0    4.0   15.0  -15.0  -15.0     -1
   36.0   36.0    4.0   15.0  -15.0    0.0     -2
   36.0   36.0    4.0   15.0  -15.0   15.0     -1
   36.0   36.0    4.0   15.0    0.0  -15.0     -1
   36.0   36.0    4.0   15.0    0.0    0.0     -1
   36.0   36.0    4.0   15.0    0.0   15.0     -2
   36.0   36.0    4.0   15.0   15.0  -15.0     -2
   36.0   36.0    4.0   15.0   15.0    0.0     -1
   36.0   36.0    4.0   15.0   15.0   15.0     -1
   36.0   36.0   23.0  -15.0  -15.0  -15.0     -1
   36.0   36.0   23.0  -15.0  -15.0    0.0     -1
   36.0   36.0   23.0  -15.0  -15.0   15.0     -1
   36.0   36.0   23.0  -15.0    0.0  -15.0     -1
   36.0   36.0   23.0  -15.0    0.0    0.0     -1
   36.0   36.0   23.0  -15.0    0.0   15.0     -1
   36.0   36.0   23.0  -15.0   15.0  -15.0     -1
   36.0   36.0   23.0  -15.0   15.0    0.0     -1
   36.0   36.0   23.0  -15.0   15.0   15.0     -1
   36.0   36.0   23.0    0.0  -15.0  -15.0     -1
   36.0   36.0   23.0    0.0  -15.0    0.0     -1
   36.0   36.0   23.0    0.0  -15.0   15.0     -1
   36.0   36.0   23.0    0.0    0.0  -15.0     -1
   36.0   36.0   23.0    0.0    0.0    0.0     -1
   36.0   36.0   23.0    0.0    0.0   15.0     -1
   36.0   36.0   23.0    0.0   15.0  -15.0     -1
   36.0   36.0   23.0    0.0   15.0    0.0     -1
   36.0   36.0   23.0    0.0   15.0   15.0     -1
   36.0   36.0   23.0   15.0  -15.0  -15.0     -1
   36.0   36.0   23.0   15.0  -15.0    0.0     -1
   36.0   36.0   23.0   15.0  -15.0   15.0     -1
   36.0   36.0   23.0   15.0    0.0  -15.0     -1
   36.0   36.0   23.0   15.0    0.0    0.0     -1
   36.0   36.0   23.0   15.0    0.0   15.0     -1
   36.0   36.0   23.0   15.0   15.0  -15.0     -1
   36.0   36.0   23.0   15.0   15.0    0.0     -1
   36.0   36.0   23.0   15.0   15.0   15.0     -1
