
STEWART PLATFORM

COMPILATION DATE AND TIME
Apr 14 2019
23:40:17
HEXAPOD_CONFIG = 2

   SWAY  SURGE  HEAVE  PITCH   ROLL    YAW  movOK          ANGLE 1          ANGLE 2          ANGLE 3          ANGLE 4          ANGLE 5          ANGLE 6
=======================================================================================================================================================
  -10.0  -10.0  -10.0   -9.0   -9.0   -9.0     10        21.654270       112.489911       106.055502        59.764558       153.012727         0.000000
  -10.0  -10.0  -10.0   -9.0   -9.0    9.0     10        45.626918        92.541799        95.937669        40.654104       127.960779         0.000000
  -10.0  -10.0  -10.0   -9.0    9.0   -9.0                7.539421        60.170577       153.401959       100.475399        91.359484        14.187760
  -10.0  -10.0  -10.0   -9.0    9.0    9.0     10        36.239937        34.468482       140.533554        85.754633        73.872088         0.000000
  -10.0  -10.0  -10.0    9.0   -9.0   -9.0     20        86.121210        95.442639       145.320572         0.000000       180.000000        68.534791
  -10.0  -10.0  -10.0    9.0   -9.0    9.0     -3
  -10.0  -10.0  -10.0    9.0    9.0   -9.0     -3
  -10.0  -10.0  -10.0    9.0    9.0    9.0     -3
  -10.0  -10.0   10.0   -9.0   -9.0   -9.0      1       100.467299       180.000000        34.800539       129.387319        73.605104        88.086374
  -10.0  -10.0   10.0   -9.0   -9.0    9.0              118.211858       165.248264        24.473261       114.776447        56.535327        76.447824
  -10.0  -10.0   10.0   -9.0    9.0   -9.0               92.837850       129.866424        77.084456       171.159339        21.905914        96.075958
  -10.0  -10.0   10.0   -9.0    9.0    9.0              111.548958       109.964062        66.781483       155.652697         2.791636        85.409235
  -10.0  -10.0   10.0    9.0   -9.0   -9.0              158.478740       165.822248        71.256488        94.285693        90.493291       138.638070
  -10.0  -10.0   10.0    9.0   -9.0    9.0      1       180.000000       143.926696        60.970694        79.263575        73.047639       127.855998
  -10.0  -10.0   10.0    9.0    9.0   -9.0              143.615762       113.322482       112.701327       135.093038        40.873688       152.611868
  -10.0  -10.0   10.0    9.0    9.0    9.0              163.385672        93.399917       102.424657       120.483554        23.363812       140.415877
  -10.0   10.0  -10.0   -9.0   -9.0   -9.0               24.875944        89.484272        94.695779        79.259584       176.184481         0.161887
  -10.0   10.0  -10.0   -9.0   -9.0    9.0     -3
  -10.0   10.0  -10.0   -9.0    9.0   -9.0                9.287577        31.587316       138.670268       117.003516       107.799509        19.466320
  -10.0   10.0  -10.0   -9.0    9.0    9.0     10        43.049585        14.259950       119.965327        97.106114        96.777569         0.000000
  -10.0   10.0  -10.0    9.0   -9.0   -9.0     -3
  -10.0   10.0  -10.0    9.0   -9.0    9.0     20       111.007966        57.432540       113.451073         0.000000       180.000000        61.800302
  -10.0   10.0  -10.0    9.0    9.0   -9.0     10        78.168023         2.886463       180.000000        85.312239       126.985101        87.542867
  -10.0   10.0  -10.0    9.0    9.0    9.0     10        98.251740         0.000000       170.465190        62.082863       115.101132        74.400913
  -10.0   10.0   10.0   -9.0   -9.0   -9.0              105.103345       163.150294        20.729137       146.582319        89.273924        94.234308
  -10.0   10.0   10.0   -9.0   -9.0    9.0              123.937941       148.270569         0.992328       125.818724        78.620161        81.377764
  -10.0   10.0   10.0   -9.0    9.0   -9.0      1        97.797623       107.194836        66.056428       180.000000        37.507463       102.231613
  -10.0   10.0   10.0   -9.0    9.0    9.0              117.348756        94.148542        49.859433       169.769051        26.731895        90.122438
  -10.0   10.0   10.0    9.0   -9.0   -9.0              160.809313       141.558137        60.115789       110.964049       106.891167       143.570628
  -10.0   10.0   10.0    9.0   -9.0    9.0      1       180.000000       128.036145        43.744384        90.836768        95.897491       131.723914
  -10.0   10.0   10.0    9.0    9.0   -9.0              146.737283        90.348032       101.116527       152.701143        56.058250       156.680671
  -10.0   10.0   10.0    9.0    9.0    9.0              166.867662        77.117389        85.560418       131.648283        45.599558       143.933534
   10.0  -10.0  -10.0   -9.0   -9.0   -9.0     10         0.000000       106.127912        94.245367        39.466446       145.531518        36.239937
   10.0  -10.0  -10.0   -9.0   -9.0    9.0               14.187760        88.640516        79.524601        26.598041       119.829423         7.539421
   10.0  -10.0  -10.0   -9.0    9.0   -9.0     10         0.000000        52.039221       139.345896        84.062331        87.458201        45.626918
   10.0  -10.0  -10.0   -9.0    9.0    9.0     10         0.000000        26.987273       120.235442        73.944498        67.510089        21.654270
   10.0  -10.0  -10.0    9.0   -9.0   -9.0     -3
   10.0  -10.0  -10.0    9.0   -9.0    9.0     -3
   10.0  -10.0  -10.0    9.0    9.0   -9.0     -3
   10.0  -10.0  -10.0    9.0    9.0    9.0     20        68.534791         0.000000       180.000000        34.679428        84.557361        86.121210
   10.0  -10.0   10.0   -9.0   -9.0   -9.0               85.409235       177.208364        24.347303       113.218517        70.035938       111.548958
   10.0  -10.0   10.0   -9.0   -9.0    9.0               96.075958       158.094086         8.840661       102.915544        50.133576        92.837850
   10.0  -10.0   10.0   -9.0    9.0   -9.0               76.447824       123.464673        65.223553       155.526739        14.751736       118.211858
   10.0  -10.0   10.0   -9.0    9.0    9.0      1        88.086374       106.394896        50.612681       145.199461         0.000000       100.467299
   10.0  -10.0   10.0    9.0   -9.0   -9.0              140.415877       156.636188        59.516446        77.575343        86.600083       163.385672
   10.0  -10.0   10.0    9.0   -9.0    9.0              152.611868       139.126312        44.906962        67.298673        66.677518       143.615762
   10.0  -10.0   10.0    9.0    9.0   -9.0      1       127.855998       106.952361       100.736425       119.029306        36.073304       180.000000
   10.0  -10.0   10.0    9.0    9.0    9.0              138.638070        89.506709        85.714307       108.743512        14.177752       158.478740
   10.0   10.0  -10.0   -9.0   -9.0   -9.0     10         0.000000        83.222431        82.893886        60.034673       165.740050        43.049585
   10.0   10.0  -10.0   -9.0   -9.0    9.0               19.466320        72.200491        62.996484        41.329732       148.412684         9.287577
   10.0   10.0  -10.0   -9.0    9.0   -9.0     -3
   10.0   10.0  -10.0   -9.0    9.0    9.0                0.161887         3.815519       100.740416        85.304221        90.515728        24.875944
   10.0   10.0  -10.0    9.0   -9.0   -9.0     10        74.400913        64.898868       117.917137         9.534810       180.000000        98.251740
   10.0   10.0  -10.0    9.0   -9.0    9.0     10        87.542867        53.014899        94.687761         0.000000       177.113537        78.168023
   10.0   10.0  -10.0    9.0    9.0   -9.0     20        61.800302         0.000000       180.000000        66.548927       122.567460       111.007966
   10.0   10.0  -10.0    9.0    9.0    9.0     -3
   10.0   10.0   10.0   -9.0   -9.0   -9.0               90.122438       153.268105        10.230949       130.140567        85.851458       117.348756
   10.0   10.0   10.0   -9.0   -9.0    9.0      1       102.231613       142.492537         0.000000       113.943572        72.805164        97.797623
   10.0   10.0   10.0   -9.0    9.0   -9.0               81.377764       101.379839        54.181276       179.007672        31.729431       123.937941
   10.0   10.0   10.0   -9.0    9.0    9.0               94.234308        90.726076        33.417681       159.270863        16.849706       105.103345
   10.0   10.0   10.0    9.0   -9.0   -9.0              143.933534       134.400442        48.351717        94.439582       102.882611       166.867662
   10.0   10.0   10.0    9.0   -9.0    9.0              156.680671       123.941750        27.298857        78.883473        89.651968       146.737283
   10.0   10.0   10.0    9.0    9.0   -9.0      1       131.723914        84.102509        89.163232       136.255616        51.963855       180.000000
   10.0   10.0   10.0    9.0    9.0    9.0              143.570628        73.108833        69.035951       119.884211        38.441863       160.809313
