
STEWART PLATFORM

COMPILATION DATE AND TIME
May  4 2019
12:55:37
HEXAPOD_CONFIG = 1

      X      Y      Z      A      B      C  movOK          ANGLE 1          ANGLE 2          ANGLE 3          ANGLE 4          ANGLE 5          ANGLE 6
=======================================================================================================================================================
    0.0    0.0    0.0    0.0    0.0    0.0      0        90.000000        90.000000        90.000000        90.000000        90.000000        90.000000
    0.0    0.0   12.0    0.0    0.0    0.0      0       127.410720       127.410720       127.410720       127.410720       127.410720       127.410720
    0.0    0.0  -12.0    0.0    0.0    0.0      0        54.322321        54.322321        54.322321        54.322321        54.322321        54.322321
=======================================================================================================================================================
  -35.0  -35.0  -12.0  -15.0  -15.0  -15.0     -1
  -35.0  -35.0  -12.0  -15.0  -15.0    0.0     -1
  -35.0  -35.0  -12.0  -15.0  -15.0   15.0     -1
  -35.0  -35.0  -12.0  -15.0    0.0  -15.0     -1
  -35.0  -35.0  -12.0  -15.0    0.0    0.0     -3
  -35.0  -35.0  -12.0  -15.0    0.0   15.0      0       111.758859       120.197892        62.029680        86.665900       124.785882        11.152860
  -35.0  -35.0  -12.0  -15.0   15.0  -15.0      0        64.036863       147.646776        34.674413       128.133264       122.274826        16.928252
  -35.0  -35.0  -12.0  -15.0   15.0    0.0      0        84.571718       109.169373        29.235457       117.923522       139.098040        16.517631
  -35.0  -35.0  -12.0  -15.0   15.0   15.0     -4
  -35.0  -35.0  -12.0    0.0  -15.0  -15.0     -1
  -35.0  -35.0  -12.0    0.0  -15.0    0.0     -1
  -35.0  -35.0  -12.0    0.0  -15.0   15.0     -2
  -35.0  -35.0  -12.0    0.0    0.0  -15.0     -2
  -35.0  -35.0  -12.0    0.0    0.0    0.0      0       120.877650       136.006914        34.167932        73.442903        98.063904        47.034881
  -35.0  -35.0  -12.0    0.0    0.0   15.0     -2
  -35.0  -35.0  -12.0    0.0   15.0  -15.0     -3
  -35.0  -35.0  -12.0    0.0   15.0    0.0     -3
  -35.0  -35.0  -12.0    0.0   15.0   15.0     -2
  -35.0  -35.0  -12.0   15.0  -15.0  -15.0     -1
  -35.0  -35.0  -12.0   15.0  -15.0    0.0     -1
  -35.0  -35.0  -12.0   15.0  -15.0   15.0     -1
  -35.0  -35.0  -12.0   15.0    0.0  -15.0     -2
  -35.0  -35.0  -12.0   15.0    0.0    0.0     -1
  -35.0  -35.0  -12.0   15.0    0.0   15.0     -1
  -35.0  -35.0  -12.0   15.0   15.0  -15.0     -2
  -35.0  -35.0  -12.0   15.0   15.0    0.0     -2
  -35.0  -35.0  -12.0   15.0   15.0   15.0     -1
  -35.0  -35.0    0.0  -15.0  -15.0  -15.0     -1
  -35.0  -35.0    0.0  -15.0  -15.0    0.0     -1
  -35.0  -35.0    0.0  -15.0  -15.0   15.0     -2
  -35.0  -35.0    0.0  -15.0    0.0  -15.0     -1
  -35.0  -35.0    0.0  -15.0    0.0    0.0     -1
  -35.0  -35.0    0.0  -15.0    0.0   15.0     -2
  -35.0  -35.0    0.0  -15.0   15.0  -15.0     -1
  -35.0  -35.0    0.0  -15.0   15.0    0.0     -3
  -35.0  -35.0    0.0  -15.0   15.0   15.0     -2
  -35.0  -35.0    0.0    0.0  -15.0  -15.0     -1
  -35.0  -35.0    0.0    0.0  -15.0    0.0     -1
  -35.0  -35.0    0.0    0.0  -15.0   15.0     -1
  -35.0  -35.0    0.0    0.0    0.0  -15.0     -2
  -35.0  -35.0    0.0    0.0    0.0    0.0     -1
  -35.0  -35.0    0.0    0.0    0.0   15.0     -1
  -35.0  -35.0    0.0    0.0   15.0  -15.0     -2
  -35.0  -35.0    0.0    0.0   15.0    0.0     -2
  -35.0  -35.0    0.0    0.0   15.0   15.0     -1
  -35.0  -35.0    0.0   15.0  -15.0  -15.0     -1
  -35.0  -35.0    0.0   15.0  -15.0    0.0     -1
  -35.0  -35.0    0.0   15.0  -15.0   15.0     -1
  -35.0  -35.0    0.0   15.0    0.0  -15.0     -1
  -35.0  -35.0    0.0   15.0    0.0    0.0     -1
  -35.0  -35.0    0.0   15.0    0.0   15.0     -1
  -35.0  -35.0    0.0   15.0   15.0  -15.0     -1
  -35.0  -35.0    0.0   15.0   15.0    0.0     -1
  -35.0  -35.0    0.0   15.0   15.0   15.0     -1
  -35.0  -35.0   12.0  -15.0  -15.0  -15.0     -1
  -35.0  -35.0   12.0  -15.0  -15.0    0.0     -1
  -35.0  -35.0   12.0  -15.0  -15.0   15.0     -1
  -35.0  -35.0   12.0  -15.0    0.0  -15.0     -2
  -35.0  -35.0   12.0  -15.0    0.0    0.0     -1
  -35.0  -35.0   12.0  -15.0    0.0   15.0     -1
  -35.0  -35.0   12.0  -15.0   15.0  -15.0     -2
  -35.0  -35.0   12.0  -15.0   15.0    0.0     -1
  -35.0  -35.0   12.0  -15.0   15.0   15.0     -1
  -35.0  -35.0   12.0    0.0  -15.0  -15.0     -1
  -35.0  -35.0   12.0    0.0  -15.0    0.0     -1
  -35.0  -35.0   12.0    0.0  -15.0   15.0     -1
  -35.0  -35.0   12.0    0.0    0.0  -15.0     -1
  -35.0  -35.0   12.0    0.0    0.0    0.0     -1
  -35.0  -35.0   12.0    0.0    0.0   15.0     -1
  -35.0  -35.0   12.0    0.0   15.0  -15.0     -1
  -35.0  -35.0   12.0    0.0   15.0    0.0     -1
  -35.0  -35.0   12.0    0.0   15.0   15.0     -1
  -35.0  -35.0   12.0   15.0  -15.0  -15.0     -1
  -35.0  -35.0   12.0   15.0  -15.0    0.0     -1
  -35.0  -35.0   12.0   15.0  -15.0   15.0     -1
  -35.0  -35.0   12.0   15.0    0.0  -15.0     -1
  -35.0  -35.0   12.0   15.0    0.0    0.0     -1
  -35.0  -35.0   12.0   15.0    0.0   15.0     -1
  -35.0  -35.0   12.0   15.0   15.0  -15.0     -1
  -35.0  -35.0   12.0   15.0   15.0    0.0     -1
  -35.0  -35.0   12.0   15.0   15.0   15.0     -1
  -35.0    0.0  -12.0  -15.0  -15.0  -15.0     -1
  -35.0    0.0  -12.0  -15.0  -15.0    0.0     -2
  -35.0    0.0  -12.0  -15.0  -15.0   15.0     -2
  -35.0    0.0  -12.0  -15.0    0.0  -15.0     -2
  -35.0    0.0  -12.0  -15.0    0.0    0.0     -2
  -35.0    0.0  -12.0  -15.0    0.0   15.0     -2
  -35.0    0.0  -12.0  -15.0   15.0  -15.0     -3
  -35.0    0.0  -12.0  -15.0   15.0    0.0     -2
  -35.0    0.0  -12.0  -15.0   15.0   15.0     -2
  -35.0    0.0  -12.0    0.0  -15.0  -15.0     -2
  -35.0    0.0  -12.0    0.0  -15.0    0.0     -2
  -35.0    0.0  -12.0    0.0  -15.0   15.0     -2
  -35.0    0.0  -12.0    0.0    0.0  -15.0      0        83.713798       105.441467        47.941914       107.986010        41.519350        35.730538
  -35.0    0.0  -12.0    0.0    0.0    0.0      0       104.040017        84.665602        50.087780        88.409641        51.772679        30.980264
  -35.0    0.0  -12.0    0.0    0.0   15.0      0       131.645780        72.117858        58.864418        70.002627        63.588086        31.683207
  -35.0    0.0  -12.0    0.0   15.0  -15.0      0        76.640412        71.784414        16.281572       131.309501        80.999135        46.049022
  -35.0    0.0  -12.0    0.0   15.0    0.0      0        97.414438        50.393617        16.158400       111.951009        88.692013        41.402776
  -35.0    0.0  -12.0    0.0   15.0   15.0      0       124.289888        36.329710        26.189514        95.746630        97.796624        41.328614
  -35.0    0.0  -12.0   15.0  -15.0  -15.0     -2
  -35.0    0.0  -12.0   15.0  -15.0    0.0     -2
  -35.0    0.0  -12.0   15.0  -15.0   15.0     -1
  -35.0    0.0  -12.0   15.0    0.0  -15.0      0       121.130408        92.805868        19.417192        86.826682        20.334031        76.373329
  -35.0    0.0  -12.0   15.0    0.0    0.0      0       145.793001        72.773535        20.885073        64.290277        33.861941        72.428053
  -35.0    0.0  -12.0   15.0    0.0   15.0     -1
  -35.0    0.0  -12.0   15.0   15.0  -15.0     -2
  -35.0    0.0  -12.0   15.0   15.0    0.0     -2
  -35.0    0.0  -12.0   15.0   15.0   15.0     -4
  -35.0    0.0    0.0  -15.0  -15.0  -15.0     -1
  -35.0    0.0    0.0  -15.0  -15.0    0.0     -1
  -35.0    0.0    0.0  -15.0  -15.0   15.0     -1
  -35.0    0.0    0.0  -15.0    0.0  -15.0     -1
  -35.0    0.0    0.0  -15.0    0.0    0.0      0       102.380202       143.439610       113.996939       149.722764        98.995395        28.606275
  -35.0    0.0    0.0  -15.0    0.0   15.0      0       128.812156       123.403792       125.897837       129.276624       108.131325        29.607576
  -35.0    0.0    0.0  -15.0   15.0  -15.0     -1
  -35.0    0.0    0.0  -15.0   15.0    0.0     -1
  -35.0    0.0    0.0  -15.0   15.0   15.0     -1
  -35.0    0.0    0.0    0.0  -15.0  -15.0     -1
  -35.0    0.0    0.0    0.0  -15.0    0.0     -4
  -35.0    0.0    0.0    0.0  -15.0   15.0     -1
  -35.0    0.0    0.0    0.0    0.0  -15.0     -2
  -35.0    0.0    0.0    0.0    0.0    0.0      0       142.483195       123.186146        85.001573       120.040308        88.484347        70.757790
  -35.0    0.0    0.0    0.0    0.0   15.0     -1
  -35.0    0.0    0.0    0.0   15.0  -15.0     -1
  -35.0    0.0    0.0    0.0   15.0    0.0      0       132.836334        86.031075        57.735725       150.536561       123.116597        78.530703
  -35.0    0.0    0.0    0.0   15.0   15.0     -2
  -35.0    0.0    0.0   15.0  -15.0  -15.0     -1
  -35.0    0.0    0.0   15.0  -15.0    0.0     -1
  -35.0    0.0    0.0   15.0  -15.0   15.0     -1
  -35.0    0.0    0.0   15.0    0.0  -15.0     -1
  -35.0    0.0    0.0   15.0    0.0    0.0     -1
  -35.0    0.0    0.0   15.0    0.0   15.0     -1
  -35.0    0.0    0.0   15.0   15.0  -15.0     -4
  -35.0    0.0    0.0   15.0   15.0    0.0     -1
  -35.0    0.0    0.0   15.0   15.0   15.0     -1
  -35.0    0.0   12.0  -15.0  -15.0  -15.0     -1
  -35.0    0.0   12.0  -15.0  -15.0    0.0     -1
  -35.0    0.0   12.0  -15.0  -15.0   15.0     -1
  -35.0    0.0   12.0  -15.0    0.0  -15.0     -1
  -35.0    0.0   12.0  -15.0    0.0    0.0     -1
  -35.0    0.0   12.0  -15.0    0.0   15.0     -2
  -35.0    0.0   12.0  -15.0   15.0  -15.0     -1
  -35.0    0.0   12.0  -15.0   15.0    0.0     -1
  -35.0    0.0   12.0  -15.0   15.0   15.0     -2
  -35.0    0.0   12.0    0.0  -15.0  -15.0     -1
  -35.0    0.0   12.0    0.0  -15.0    0.0     -1
  -35.0    0.0   12.0    0.0  -15.0   15.0     -1
  -35.0    0.0   12.0    0.0    0.0  -15.0     -1
  -35.0    0.0   12.0    0.0    0.0    0.0     -1
  -35.0    0.0   12.0    0.0    0.0   15.0     -1
  -35.0    0.0   12.0    0.0   15.0  -15.0     -2
  -35.0    0.0   12.0    0.0   15.0    0.0     -1
  -35.0    0.0   12.0    0.0   15.0   15.0     -1
  -35.0    0.0   12.0   15.0  -15.0  -15.0     -1
  -35.0    0.0   12.0   15.0  -15.0    0.0     -1
  -35.0    0.0   12.0   15.0  -15.0   15.0     -1
  -35.0    0.0   12.0   15.0    0.0  -15.0     -1
  -35.0    0.0   12.0   15.0    0.0    0.0     -1
  -35.0    0.0   12.0   15.0    0.0   15.0     -1
  -35.0    0.0   12.0   15.0   15.0  -15.0     -1
  -35.0    0.0   12.0   15.0   15.0    0.0     -1
  -35.0    0.0   12.0   15.0   15.0   15.0     -1
  -35.0   35.0  -12.0  -15.0  -15.0  -15.0     -2
  -35.0   35.0  -12.0  -15.0  -15.0    0.0     -1
  -35.0   35.0  -12.0  -15.0  -15.0   15.0     -1
  -35.0   35.0  -12.0  -15.0    0.0  -15.0     -1
  -35.0   35.0  -12.0  -15.0    0.0    0.0     -3
  -35.0   35.0  -12.0  -15.0    0.0   15.0     -2
  -35.0   35.0  -12.0  -15.0   15.0  -15.0     -1
  -35.0   35.0  -12.0  -15.0   15.0    0.0     -1
  -35.0   35.0  -12.0  -15.0   15.0   15.0     -2
  -35.0   35.0  -12.0    0.0  -15.0  -15.0     -2
  -35.0   35.0  -12.0    0.0  -15.0    0.0     -2
  -35.0   35.0  -12.0    0.0  -15.0   15.0     -4
  -35.0   35.0  -12.0    0.0    0.0  -15.0     -2
  -35.0   35.0  -12.0    0.0    0.0    0.0      0       118.069845        67.330682        93.473823       132.165346        32.802806        48.129195
  -35.0   35.0  -12.0    0.0    0.0   15.0      0       144.267882        65.233686       115.275453       106.087761        32.998108        43.596576
  -35.0   35.0  -12.0    0.0   15.0  -15.0     -1
  -35.0   35.0  -12.0    0.0   15.0    0.0     -3
  -35.0   35.0  -12.0    0.0   15.0   15.0      0       137.488067        31.888987        84.080367       133.254948        73.893649        53.406419
  -35.0   35.0  -12.0   15.0  -15.0  -15.0     -2
  -35.0   35.0  -12.0   15.0  -15.0    0.0     -2
  -35.0   35.0  -12.0   15.0  -15.0   15.0     -1
  -35.0   35.0  -12.0   15.0    0.0  -15.0      0       129.024107        65.439692        60.263519       143.763491        19.465232        90.667764
  -35.0   35.0  -12.0   15.0    0.0    0.0     -4
  -35.0   35.0  -12.0   15.0    0.0   15.0     -1
  -35.0   35.0  -12.0   15.0   15.0  -15.0     -2
  -35.0   35.0  -12.0   15.0   15.0    0.0      0       137.524970        21.788018        44.175363       139.815717        61.735264        93.024615
  -35.0   35.0  -12.0   15.0   15.0   15.0     -4
  -35.0   35.0    0.0  -15.0  -15.0  -15.0     -1
  -35.0   35.0    0.0  -15.0  -15.0    0.0     -1
  -35.0   35.0    0.0  -15.0  -15.0   15.0     -1
  -35.0   35.0    0.0  -15.0    0.0  -15.0     -1
  -35.0   35.0    0.0  -15.0    0.0    0.0     -1
  -35.0   35.0    0.0  -15.0    0.0   15.0     -1
  -35.0   35.0    0.0  -15.0   15.0  -15.0     -1
  -35.0   35.0    0.0  -15.0   15.0    0.0     -1
  -35.0   35.0    0.0  -15.0   15.0   15.0     -1
  -35.0   35.0    0.0    0.0  -15.0  -15.0     -1
  -35.0   35.0    0.0    0.0  -15.0    0.0     -4
  -35.0   35.0    0.0    0.0  -15.0   15.0     -1
  -35.0   35.0    0.0    0.0    0.0  -15.0     -1
  -35.0   35.0    0.0    0.0    0.0    0.0     -4
  -35.0   35.0    0.0    0.0    0.0   15.0     -1
  -35.0   35.0    0.0    0.0   15.0  -15.0     -1
  -35.0   35.0    0.0    0.0   15.0    0.0     -1
  -35.0   35.0    0.0    0.0   15.0   15.0     -2
  -35.0   35.0    0.0   15.0  -15.0  -15.0     -1
  -35.0   35.0    0.0   15.0  -15.0    0.0     -1
  -35.0   35.0    0.0   15.0  -15.0   15.0     -1
  -35.0   35.0    0.0   15.0    0.0  -15.0     -1
  -35.0   35.0    0.0   15.0    0.0    0.0     -1
  -35.0   35.0    0.0   15.0    0.0   15.0     -1
  -35.0   35.0    0.0   15.0   15.0  -15.0     -4
  -35.0   35.0    0.0   15.0   15.0    0.0     -1
  -35.0   35.0    0.0   15.0   15.0   15.0     -1
  -35.0   35.0   12.0  -15.0  -15.0  -15.0     -1
  -35.0   35.0   12.0  -15.0  -15.0    0.0     -4
  -35.0   35.0   12.0  -15.0  -15.0   15.0     -1
  -35.0   35.0   12.0  -15.0    0.0  -15.0     -1
  -35.0   35.0   12.0  -15.0    0.0    0.0     -4
  -35.0   35.0   12.0  -15.0    0.0   15.0     -1
  -35.0   35.0   12.0  -15.0   15.0  -15.0     -1
  -35.0   35.0   12.0  -15.0   15.0    0.0     -4
  -35.0   35.0   12.0  -15.0   15.0   15.0     -1
  -35.0   35.0   12.0    0.0  -15.0  -15.0     -1
  -35.0   35.0   12.0    0.0  -15.0    0.0     -1
  -35.0   35.0   12.0    0.0  -15.0   15.0     -1
  -35.0   35.0   12.0    0.0    0.0  -15.0     -1
  -35.0   35.0   12.0    0.0    0.0    0.0     -1
  -35.0   35.0   12.0    0.0    0.0   15.0     -1
  -35.0   35.0   12.0    0.0   15.0  -15.0     -4
  -35.0   35.0   12.0    0.0   15.0    0.0     -1
  -35.0   35.0   12.0    0.0   15.0   15.0     -1
  -35.0   35.0   12.0   15.0  -15.0  -15.0     -1
  -35.0   35.0   12.0   15.0  -15.0    0.0     -1
  -35.0   35.0   12.0   15.0  -15.0   15.0     -1
  -35.0   35.0   12.0   15.0    0.0  -15.0     -1
  -35.0   35.0   12.0   15.0    0.0    0.0     -1
  -35.0   35.0   12.0   15.0    0.0   15.0     -1
  -35.0   35.0   12.0   15.0   15.0  -15.0     -1
  -35.0   35.0   12.0   15.0   15.0    0.0     -1
  -35.0   35.0   12.0   15.0   15.0   15.0     -1
    0.0  -35.0  -12.0  -15.0  -15.0  -15.0     -1
    0.0  -35.0  -12.0  -15.0  -15.0    0.0     -3
    0.0  -35.0  -12.0  -15.0  -15.0   15.0      0        49.225900       126.757884        96.320462        26.653972       101.291022        13.282180
    0.0  -35.0  -12.0  -15.0    0.0  -15.0      0        21.039586       134.185081        62.471376        72.316361        90.153181        43.656928
    0.0  -35.0  -12.0  -15.0    0.0    0.0      0        27.714389       109.623635        66.192296        66.192296       109.623635        27.714389
    0.0  -35.0  -12.0  -15.0    0.0   15.0      0        43.656928        90.153181        72.316361        62.471376       134.185081        21.039586
    0.0  -35.0  -12.0  -15.0   15.0  -15.0      0        13.282180       101.291022        26.653972        96.320462       126.757884        49.225900
    0.0  -35.0  -12.0  -15.0   15.0    0.0     -4
    0.0  -35.0  -12.0  -15.0   15.0   15.0     -1
    0.0  -35.0  -12.0    0.0  -15.0  -15.0     -2
    0.0  -35.0  -12.0    0.0  -15.0    0.0     -2
    0.0  -35.0  -12.0    0.0  -15.0   15.0     -2
    0.0  -35.0  -12.0    0.0    0.0  -15.0      0        60.086994       123.921588        32.228322        43.441739        79.782865        80.932903
    0.0  -35.0  -12.0    0.0    0.0    0.0      0        66.903561       100.002036        35.848008        35.848008       100.002036        66.903561
    0.0  -35.0  -12.0    0.0    0.0   15.0      0        80.932903        79.782865        43.441739        32.228322       123.921588        60.086994
    0.0  -35.0  -12.0    0.0   15.0  -15.0     -2
    0.0  -35.0  -12.0    0.0   15.0    0.0     -2
    0.0  -35.0  -12.0    0.0   15.0   15.0     -2
    0.0  -35.0  -12.0   15.0  -15.0  -15.0     -3
    0.0  -35.0  -12.0   15.0  -15.0    0.0     -2
    0.0  -35.0  -12.0   15.0  -15.0   15.0     -2
    0.0  -35.0  -12.0   15.0    0.0  -15.0     -2
    0.0  -35.0  -12.0   15.0    0.0    0.0     -2
    0.0  -35.0  -12.0   15.0    0.0   15.0     -2
    0.0  -35.0  -12.0   15.0   15.0  -15.0     -2
    0.0  -35.0  -12.0   15.0   15.0    0.0     -2
    0.0  -35.0  -12.0   15.0   15.0   15.0     -2
    0.0  -35.0    0.0  -15.0  -15.0  -15.0     -1
    0.0  -35.0    0.0  -15.0  -15.0    0.0     -1
    0.0  -35.0    0.0  -15.0  -15.0   15.0     -1
    0.0  -35.0    0.0  -15.0    0.0  -15.0     -1
    0.0  -35.0    0.0  -15.0    0.0    0.0      0        66.402373       147.387216       100.673124       100.673124       147.387216        66.402373
    0.0  -35.0    0.0  -15.0    0.0   15.0     -1
    0.0  -35.0    0.0  -15.0   15.0  -15.0     -1
    0.0  -35.0    0.0  -15.0   15.0    0.0     -1
    0.0  -35.0    0.0  -15.0   15.0   15.0     -1
    0.0  -35.0    0.0    0.0  -15.0  -15.0     -1
    0.0  -35.0    0.0    0.0  -15.0    0.0     -1
    0.0  -35.0    0.0    0.0  -15.0   15.0     -3
    0.0  -35.0    0.0    0.0    0.0  -15.0     -3
    0.0  -35.0    0.0    0.0    0.0    0.0      0       102.346075       133.629585        76.092218        76.092218       133.629585       102.346075
    0.0  -35.0    0.0    0.0    0.0   15.0     -4
    0.0  -35.0    0.0    0.0   15.0  -15.0     -4
    0.0  -35.0    0.0    0.0   15.0    0.0     -1
    0.0  -35.0    0.0    0.0   15.0   15.0     -1
    0.0  -35.0    0.0   15.0  -15.0  -15.0     -1
    0.0  -35.0    0.0   15.0  -15.0    0.0     -1
    0.0  -35.0    0.0   15.0  -15.0   15.0     -1
    0.0  -35.0    0.0   15.0    0.0  -15.0     -1
    0.0  -35.0    0.0   15.0    0.0    0.0     -1
    0.0  -35.0    0.0   15.0    0.0   15.0     -1
    0.0  -35.0    0.0   15.0   15.0  -15.0     -2
    0.0  -35.0    0.0   15.0   15.0    0.0     -2
    0.0  -35.0    0.0   15.0   15.0   15.0     -1
    0.0  -35.0   12.0  -15.0  -15.0  -15.0     -1
    0.0  -35.0   12.0  -15.0  -15.0    0.0     -1
    0.0  -35.0   12.0  -15.0  -15.0   15.0     -1
    0.0  -35.0   12.0  -15.0    0.0  -15.0     -1
    0.0  -35.0   12.0  -15.0    0.0    0.0     -1
    0.0  -35.0   12.0  -15.0    0.0   15.0     -1
    0.0  -35.0   12.0  -15.0   15.0  -15.0     -1
    0.0  -35.0   12.0  -15.0   15.0    0.0     -1
    0.0  -35.0   12.0  -15.0   15.0   15.0     -1
    0.0  -35.0   12.0    0.0  -15.0  -15.0     -1
    0.0  -35.0   12.0    0.0  -15.0    0.0     -1
    0.0  -35.0   12.0    0.0  -15.0   15.0     -1
    0.0  -35.0   12.0    0.0    0.0  -15.0     -1
    0.0  -35.0   12.0    0.0    0.0    0.0     -1
    0.0  -35.0   12.0    0.0    0.0   15.0     -1
    0.0  -35.0   12.0    0.0   15.0  -15.0     -3
    0.0  -35.0   12.0    0.0   15.0    0.0     -4
    0.0  -35.0   12.0    0.0   15.0   15.0     -1
    0.0  -35.0   12.0   15.0  -15.0  -15.0     -1
    0.0  -35.0   12.0   15.0  -15.0    0.0     -1
    0.0  -35.0   12.0   15.0  -15.0   15.0     -1
    0.0  -35.0   12.0   15.0    0.0  -15.0     -1
    0.0  -35.0   12.0   15.0    0.0    0.0     -1
    0.0  -35.0   12.0   15.0    0.0   15.0     -1
    0.0  -35.0   12.0   15.0   15.0  -15.0     -1
    0.0  -35.0   12.0   15.0   15.0    0.0     -1
    0.0  -35.0   12.0   15.0   15.0   15.0     -1
    0.0    0.0  -12.0  -15.0  -15.0  -15.0     -2
    0.0    0.0  -12.0  -15.0  -15.0    0.0     -2
    0.0    0.0  -12.0  -15.0  -15.0   15.0     -2
    0.0    0.0  -12.0  -15.0    0.0  -15.0     -2
    0.0    0.0  -12.0  -15.0    0.0    0.0     -2
    0.0    0.0  -12.0  -15.0    0.0   15.0     -2
    0.0    0.0  -12.0  -15.0   15.0  -15.0     -2
    0.0    0.0  -12.0  -15.0   15.0    0.0     -2
    0.0    0.0  -12.0  -15.0   15.0   15.0     -4
    0.0    0.0  -12.0    0.0  -15.0  -15.0     -2
    0.0    0.0  -12.0    0.0  -15.0    0.0     -2
    0.0    0.0  -12.0    0.0  -15.0   15.0     -2
    0.0    0.0  -12.0    0.0    0.0  -15.0      0        42.853815        70.015106        42.853815        70.015106        42.853815        70.015106
    0.0    0.0  -12.0    0.0    0.0    0.0      0        54.322321        54.322321        54.322321        54.322321        54.322321        54.322321
    0.0    0.0  -12.0    0.0    0.0   15.0      0        70.015106        42.853815        70.015106        42.853815        70.015106        42.853815
    0.0    0.0  -12.0    0.0   15.0  -15.0     -2
    0.0    0.0  -12.0    0.0   15.0    0.0     -2
    0.0    0.0  -12.0    0.0   15.0   15.0     -2
    0.0    0.0  -12.0   15.0  -15.0  -15.0     -2
    0.0    0.0  -12.0   15.0  -15.0    0.0     -2
    0.0    0.0  -12.0   15.0  -15.0   15.0     -2
    0.0    0.0  -12.0   15.0    0.0  -15.0     -2
    0.0    0.0  -12.0   15.0    0.0    0.0      0        91.642013        39.079310        17.311875        17.311875        39.079310        91.642013
    0.0    0.0  -12.0   15.0    0.0   15.0     -2
    0.0    0.0  -12.0   15.0   15.0  -15.0     -2
    0.0    0.0  -12.0   15.0   15.0    0.0     -2
    0.0    0.0  -12.0   15.0   15.0   15.0     -2
    0.0    0.0    0.0  -15.0  -15.0  -15.0     -1
    0.0    0.0    0.0  -15.0  -15.0    0.0     -3
    0.0    0.0    0.0  -15.0  -15.0   15.0     -1
    0.0    0.0    0.0  -15.0    0.0  -15.0      0        41.204863       115.221495       106.180556       133.311102        91.395960        67.525238
    0.0    0.0    0.0  -15.0    0.0    0.0      0        52.258038       100.937144       116.568363       116.568363       100.937144        52.258038
    0.0    0.0    0.0  -15.0    0.0   15.0      0        67.525238        91.395960       133.311102       106.180556       115.221495        41.204863
    0.0    0.0    0.0  -15.0   15.0  -15.0     -1
    0.0    0.0    0.0  -15.0   15.0    0.0     -2
    0.0    0.0    0.0  -15.0   15.0   15.0     -1
    0.0    0.0    0.0    0.0  -15.0  -15.0     -3
    0.0    0.0    0.0    0.0  -15.0    0.0      0        97.935632       129.540054       118.094532        61.487078        54.329143        82.772140
    0.0    0.0    0.0    0.0  -15.0   15.0      0       112.329530       118.348440       134.442324        51.219899        69.706406        72.781377
    0.0    0.0    0.0    0.0    0.0  -15.0      0        80.250511       104.024948        80.250511       104.024948        80.250511       104.024948
    0.0    0.0    0.0    0.0    0.0    0.0      0        90.000000        90.000000        90.000000        90.000000        90.000000        90.000000
    0.0    0.0    0.0    0.0    0.0   15.0      0       104.024948        80.250511       104.024948        80.250511       104.024948        80.250511
    0.0    0.0    0.0    0.0   15.0  -15.0      0        72.781377        69.706406        51.219899       134.442324       118.348440       112.329530
    0.0    0.0    0.0    0.0   15.0    0.0      0        82.772140        54.329143        61.487078       118.094532       129.540054        97.935632
    0.0    0.0    0.0    0.0   15.0   15.0     -4
    0.0    0.0    0.0   15.0  -15.0  -15.0      0       131.002918       130.591248        84.695210        48.221369        27.821002       130.446319
    0.0    0.0    0.0   15.0  -15.0    0.0      0       146.710212       114.701343        94.923792        30.576208        40.441538       115.603323
    0.0    0.0    0.0   15.0  -15.0   15.0     -1
    0.0    0.0    0.0   15.0    0.0  -15.0      0       119.132297        92.184358        55.321791        80.783211        68.511277       151.597633
    0.0    0.0    0.0   15.0    0.0    0.0      0       130.014523        78.300796        66.077288        66.077288        78.300796       130.014523
    0.0    0.0    0.0   15.0    0.0   15.0     -4
    0.0    0.0    0.0   15.0   15.0  -15.0     -1
    0.0    0.0    0.0   15.0   15.0    0.0      0       115.603323        40.441538        30.576208        94.923792       114.701343       146.710212
    0.0    0.0    0.0   15.0   15.0   15.0      0       130.446319        27.821002        48.221369        84.695210       130.591248       131.002918
    0.0    0.0   12.0  -15.0  -15.0  -15.0     -1
    0.0    0.0   12.0  -15.0  -15.0    0.0     -1
    0.0    0.0   12.0  -15.0  -15.0   15.0     -1
    0.0    0.0   12.0  -15.0    0.0  -15.0     -1
    0.0    0.0   12.0  -15.0    0.0    0.0     -1
    0.0    0.0   12.0  -15.0    0.0   15.0     -1
    0.0    0.0   12.0  -15.0   15.0  -15.0     -1
    0.0    0.0   12.0  -15.0   15.0    0.0     -1
    0.0    0.0   12.0  -15.0   15.0   15.0     -1
    0.0    0.0   12.0    0.0  -15.0  -15.0     -1
    0.0    0.0   12.0    0.0  -15.0    0.0     -1
    0.0    0.0   12.0    0.0  -15.0   15.0     -2
    0.0    0.0   12.0    0.0    0.0  -15.0      0       116.406421       147.944142       116.406421       147.944142       116.406421       147.944142
    0.0    0.0   12.0    0.0    0.0    0.0      0       127.410720       127.410720       127.410720       127.410720       127.410720       127.410720
    0.0    0.0   12.0    0.0    0.0   15.0      0       147.944142       116.406421       147.944142       116.406421       147.944142       116.406421
    0.0    0.0   12.0    0.0   15.0  -15.0     -1
    0.0    0.0   12.0    0.0   15.0    0.0     -1
    0.0    0.0   12.0    0.0   15.0   15.0     -1
    0.0    0.0   12.0   15.0  -15.0  -15.0     -1
    0.0    0.0   12.0   15.0  -15.0    0.0     -1
    0.0    0.0   12.0   15.0  -15.0   15.0     -1
    0.0    0.0   12.0   15.0    0.0  -15.0     -1
    0.0    0.0   12.0   15.0    0.0    0.0     -1
    0.0    0.0   12.0   15.0    0.0   15.0     -1
    0.0    0.0   12.0   15.0   15.0  -15.0     -1
    0.0    0.0   12.0   15.0   15.0    0.0     -1
    0.0    0.0   12.0   15.0   15.0   15.0     -1
    0.0   35.0  -12.0  -15.0  -15.0  -15.0     -2
    0.0   35.0  -12.0  -15.0  -15.0    0.0     -1
    0.0   35.0  -12.0  -15.0  -15.0   15.0     -1
    0.0   35.0  -12.0  -15.0    0.0  -15.0     -2
    0.0   35.0  -12.0  -15.0    0.0    0.0     -2
    0.0   35.0  -12.0  -15.0    0.0   15.0     -2
    0.0   35.0  -12.0  -15.0   15.0  -15.0     -2
    0.0   35.0  -12.0  -15.0   15.0    0.0     -2
    0.0   35.0  -12.0  -15.0   15.0   15.0     -2
    0.0   35.0  -12.0    0.0  -15.0  -15.0     -2
    0.0   35.0  -12.0    0.0  -15.0    0.0     -2
    0.0   35.0  -12.0    0.0  -15.0   15.0     -2
    0.0   35.0  -12.0    0.0    0.0  -15.0      0        56.084669        42.573198        80.917791       125.442842        37.847096        87.023998
    0.0   35.0  -12.0    0.0    0.0    0.0      0        71.358257        37.143585        98.627037        98.627037        37.143585        71.358257
    0.0   35.0  -12.0    0.0    0.0   15.0      0        87.023998        37.847096       125.442842        80.917791        42.573198        56.084669
    0.0   35.0  -12.0    0.0   15.0  -15.0     -2
    0.0   35.0  -12.0    0.0   15.0    0.0     -2
    0.0   35.0  -12.0    0.0   15.0   15.0     -2
    0.0   35.0  -12.0   15.0  -15.0  -15.0     -2
    0.0   35.0  -12.0   15.0  -15.0    0.0     -2
    0.0   35.0  -12.0   15.0  -15.0   15.0     -2
    0.0   35.0  -12.0   15.0    0.0  -15.0      0        92.680569        27.183681        57.102992       101.703140        23.895752       118.304912
    0.0   35.0  -12.0   15.0    0.0    0.0      0       104.665060        21.648344        76.222357        76.222357        21.648344       104.665060
    0.0   35.0  -12.0   15.0    0.0   15.0      0       118.304912        23.895752       101.703140        57.102992        27.183681        92.680569
    0.0   35.0  -12.0   15.0   15.0  -15.0     -2
    0.0   35.0  -12.0   15.0   15.0    0.0     -2
    0.0   35.0  -12.0   15.0   15.0   15.0     -2
    0.0   35.0    0.0  -15.0  -15.0  -15.0     -1
    0.0   35.0    0.0  -15.0  -15.0    0.0     -1
    0.0   35.0    0.0  -15.0  -15.0   15.0     -1
    0.0   35.0    0.0  -15.0    0.0  -15.0     -2
    0.0   35.0    0.0  -15.0    0.0    0.0     -1
    0.0   35.0    0.0  -15.0    0.0   15.0     -1
    0.0   35.0    0.0  -15.0   15.0  -15.0     -1
    0.0   35.0    0.0  -15.0   15.0    0.0     -1
    0.0   35.0    0.0  -15.0   15.0   15.0     -1
    0.0   35.0    0.0    0.0  -15.0  -15.0     -1
    0.0   35.0    0.0    0.0  -15.0    0.0     -1
    0.0   35.0    0.0    0.0  -15.0   15.0     -1
    0.0   35.0    0.0    0.0    0.0  -15.0     -1
    0.0   35.0    0.0    0.0    0.0    0.0      0       104.273739        73.966991       140.054046       140.054046        73.966991       104.273739
    0.0   35.0    0.0    0.0    0.0   15.0     -1
    0.0   35.0    0.0    0.0   15.0  -15.0     -1
    0.0   35.0    0.0    0.0   15.0    0.0     -1
    0.0   35.0    0.0    0.0   15.0   15.0     -1
    0.0   35.0    0.0   15.0  -15.0  -15.0      0       139.138585       104.103501       123.547346       105.041820        24.756419       143.067680
    0.0   35.0    0.0   15.0  -15.0    0.0     -4
    0.0   35.0    0.0   15.0  -15.0   15.0     -1
    0.0   35.0    0.0   15.0    0.0  -15.0     -3
    0.0   35.0    0.0   15.0    0.0    0.0      0       141.223979        62.436636       110.607485       110.607485        62.436636       141.223979
    0.0   35.0    0.0   15.0    0.0   15.0     -4
    0.0   35.0    0.0   15.0   15.0  -15.0     -1
    0.0   35.0    0.0   15.0   15.0    0.0     -3
    0.0   35.0    0.0   15.0   15.0   15.0      0       143.067680        24.756419       105.041820       123.547346       104.103501       139.138585
    0.0   35.0   12.0  -15.0  -15.0  -15.0     -1
    0.0   35.0   12.0  -15.0  -15.0    0.0     -1
    0.0   35.0   12.0  -15.0  -15.0   15.0     -1
    0.0   35.0   12.0  -15.0    0.0  -15.0     -1
    0.0   35.0   12.0  -15.0    0.0    0.0     -1
    0.0   35.0   12.0  -15.0    0.0   15.0     -1
    0.0   35.0   12.0  -15.0   15.0  -15.0     -1
    0.0   35.0   12.0  -15.0   15.0    0.0     -1
    0.0   35.0   12.0  -15.0   15.0   15.0     -1
    0.0   35.0   12.0    0.0  -15.0  -15.0     -1
    0.0   35.0   12.0    0.0  -15.0    0.0     -4
    0.0   35.0   12.0    0.0  -15.0   15.0     -1
    0.0   35.0   12.0    0.0    0.0  -15.0     -1
    0.0   35.0   12.0    0.0    0.0    0.0     -1
    0.0   35.0   12.0    0.0    0.0   15.0     -4
    0.0   35.0   12.0    0.0   15.0  -15.0     -1
    0.0   35.0   12.0    0.0   15.0    0.0     -1
    0.0   35.0   12.0    0.0   15.0   15.0     -1
    0.0   35.0   12.0   15.0  -15.0  -15.0     -1
    0.0   35.0   12.0   15.0  -15.0    0.0     -1
    0.0   35.0   12.0   15.0  -15.0   15.0     -1
    0.0   35.0   12.0   15.0    0.0  -15.0     -1
    0.0   35.0   12.0   15.0    0.0    0.0     -1
    0.0   35.0   12.0   15.0    0.0   15.0     -1
    0.0   35.0   12.0   15.0   15.0  -15.0     -1
    0.0   35.0   12.0   15.0   15.0    0.0     -1
    0.0   35.0   12.0   15.0   15.0   15.0     -1
   35.0  -35.0  -12.0  -15.0  -15.0  -15.0     -3
   35.0  -35.0  -12.0  -15.0  -15.0    0.0      0        16.517631       139.098040       117.923522        29.235457       109.169373        84.571718
   35.0  -35.0  -12.0  -15.0  -15.0   15.0      0        16.928252       122.274826       128.133264        34.674413       147.646776        64.036863
   35.0  -35.0  -12.0  -15.0    0.0  -15.0      0        11.152860       124.785882        86.665900        62.029680       120.197892       111.758859
   35.0  -35.0  -12.0  -15.0    0.0    0.0     -4
   35.0  -35.0  -12.0  -15.0    0.0   15.0     -1
   35.0  -35.0  -12.0  -15.0   15.0  -15.0     -1
   35.0  -35.0  -12.0  -15.0   15.0    0.0     -3
   35.0  -35.0  -12.0  -15.0   15.0   15.0     -1
   35.0  -35.0  -12.0    0.0  -15.0  -15.0     -2
   35.0  -35.0  -12.0    0.0  -15.0    0.0     -4
   35.0  -35.0  -12.0    0.0  -15.0   15.0      0        58.446100       112.447381       108.575850         3.003968       136.326063        92.469833
   35.0  -35.0  -12.0    0.0    0.0  -15.0     -2
   35.0  -35.0  -12.0    0.0    0.0    0.0      0        47.034881        98.063904        73.442903        34.167932       136.006914       120.877650
   35.0  -35.0  -12.0    0.0    0.0   15.0     -2
   35.0  -35.0  -12.0    0.0   15.0  -15.0     -2
   35.0  -35.0  -12.0    0.0   15.0    0.0     -1
   35.0  -35.0  -12.0    0.0   15.0   15.0     -1
   35.0  -35.0  -12.0   15.0  -15.0  -15.0     -2
   35.0  -35.0  -12.0   15.0  -15.0    0.0     -2
   35.0  -35.0  -12.0   15.0  -15.0   15.0     -2
   35.0  -35.0  -12.0   15.0    0.0  -15.0     -2
   35.0  -35.0  -12.0   15.0    0.0    0.0     -4
   35.0  -35.0  -12.0   15.0    0.0   15.0     -2
   35.0  -35.0  -12.0   15.0   15.0  -15.0     -2
   35.0  -35.0  -12.0   15.0   15.0    0.0     -2
   35.0  -35.0  -12.0   15.0   15.0   15.0     -2
   35.0  -35.0    0.0  -15.0  -15.0  -15.0     -1
   35.0  -35.0    0.0  -15.0  -15.0    0.0     -1
   35.0  -35.0    0.0  -15.0  -15.0   15.0     -3
   35.0  -35.0    0.0  -15.0    0.0  -15.0     -3
   35.0  -35.0    0.0  -15.0    0.0    0.0     -1
   35.0  -35.0    0.0  -15.0    0.0   15.0     -1
   35.0  -35.0    0.0  -15.0   15.0  -15.0     -1
   35.0  -35.0    0.0  -15.0   15.0    0.0     -1
   35.0  -35.0    0.0  -15.0   15.0   15.0     -1
   35.0  -35.0    0.0    0.0  -15.0  -15.0     -1
   35.0  -35.0    0.0    0.0  -15.0    0.0     -1
   35.0  -35.0    0.0    0.0  -15.0   15.0     -3
   35.0  -35.0    0.0    0.0    0.0  -15.0     -4
   35.0  -35.0    0.0    0.0    0.0    0.0     -1
   35.0  -35.0    0.0    0.0    0.0   15.0     -1
   35.0  -35.0    0.0    0.0   15.0  -15.0     -1
   35.0  -35.0    0.0    0.0   15.0    0.0     -1
   35.0  -35.0    0.0    0.0   15.0   15.0     -1
   35.0  -35.0    0.0   15.0  -15.0  -15.0     -1
   35.0  -35.0    0.0   15.0  -15.0    0.0     -1
   35.0  -35.0    0.0   15.0  -15.0   15.0     -1
   35.0  -35.0    0.0   15.0    0.0  -15.0     -1
   35.0  -35.0    0.0   15.0    0.0    0.0     -2
   35.0  -35.0    0.0   15.0    0.0   15.0     -1
   35.0  -35.0    0.0   15.0   15.0  -15.0     -1
   35.0  -35.0    0.0   15.0   15.0    0.0     -1
   35.0  -35.0    0.0   15.0   15.0   15.0     -1
   35.0  -35.0   12.0  -15.0  -15.0  -15.0     -1
   35.0  -35.0   12.0  -15.0  -15.0    0.0     -1
   35.0  -35.0   12.0  -15.0  -15.0   15.0     -1
   35.0  -35.0   12.0  -15.0    0.0  -15.0     -1
   35.0  -35.0   12.0  -15.0    0.0    0.0     -1
   35.0  -35.0   12.0  -15.0    0.0   15.0     -3
   35.0  -35.0   12.0  -15.0   15.0  -15.0     -3
   35.0  -35.0   12.0  -15.0   15.0    0.0     -1
   35.0  -35.0   12.0  -15.0   15.0   15.0     -1
   35.0  -35.0   12.0    0.0  -15.0  -15.0     -1
   35.0  -35.0   12.0    0.0  -15.0    0.0     -2
   35.0  -35.0   12.0    0.0  -15.0   15.0     -1
   35.0  -35.0   12.0    0.0    0.0  -15.0     -1
   35.0  -35.0   12.0    0.0    0.0    0.0     -2
   35.0  -35.0   12.0    0.0    0.0   15.0     -1
   35.0  -35.0   12.0    0.0   15.0  -15.0     -1
   35.0  -35.0   12.0    0.0   15.0    0.0     -1
   35.0  -35.0   12.0    0.0   15.0   15.0     -1
   35.0  -35.0   12.0   15.0  -15.0  -15.0     -1
   35.0  -35.0   12.0   15.0  -15.0    0.0     -1
   35.0  -35.0   12.0   15.0  -15.0   15.0     -1
   35.0  -35.0   12.0   15.0    0.0  -15.0     -1
   35.0  -35.0   12.0   15.0    0.0    0.0     -1
   35.0  -35.0   12.0   15.0    0.0   15.0     -1
   35.0  -35.0   12.0   15.0   15.0  -15.0     -1
   35.0  -35.0   12.0   15.0   15.0    0.0     -1
   35.0  -35.0   12.0   15.0   15.0   15.0     -1
   35.0    0.0  -12.0  -15.0  -15.0  -15.0     -2
   35.0    0.0  -12.0  -15.0  -15.0    0.0     -2
   35.0    0.0  -12.0  -15.0  -15.0   15.0     -2
   35.0    0.0  -12.0  -15.0    0.0  -15.0     -2
   35.0    0.0  -12.0  -15.0    0.0    0.0     -2
   35.0    0.0  -12.0  -15.0    0.0   15.0     -2
   35.0    0.0  -12.0  -15.0   15.0  -15.0     -2
   35.0    0.0  -12.0  -15.0   15.0    0.0     -2
   35.0    0.0  -12.0  -15.0   15.0   15.0     -2
   35.0    0.0  -12.0    0.0  -15.0  -15.0      0        41.328614        97.796624        95.746630        26.189514        36.329710       124.289888
   35.0    0.0  -12.0    0.0  -15.0    0.0      0        41.402776        88.692013       111.951009        16.158400        50.393617        97.414438
   35.0    0.0  -12.0    0.0  -15.0   15.0      0        46.049022        80.999135       131.309501        16.281572        71.784414        76.640412
   35.0    0.0  -12.0    0.0    0.0  -15.0      0        31.683207        63.588086        70.002627        58.864418        72.117858       131.645780
   35.0    0.0  -12.0    0.0    0.0    0.0      0        30.980264        51.772679        88.409641        50.087780        84.665602       104.040017
   35.0    0.0  -12.0    0.0    0.0   15.0      0        35.730538        41.519350       107.986010        47.941914       105.441467        83.713798
   35.0    0.0  -12.0    0.0   15.0  -15.0     -2
   35.0    0.0  -12.0    0.0   15.0    0.0     -2
   35.0    0.0  -12.0    0.0   15.0   15.0     -2
   35.0    0.0  -12.0   15.0  -15.0  -15.0     -2
   35.0    0.0  -12.0   15.0  -15.0    0.0     -2
   35.0    0.0  -12.0   15.0  -15.0   15.0     -2
   35.0    0.0  -12.0   15.0    0.0  -15.0     -1
   35.0    0.0  -12.0   15.0    0.0    0.0      0        72.428053        33.861941        64.290277        20.885073        72.773535       145.793001
   35.0    0.0  -12.0   15.0    0.0   15.0      0        76.373329        20.334031        86.826682        19.417192        92.805868       121.130408
   35.0    0.0  -12.0   15.0   15.0  -15.0     -2
   35.0    0.0  -12.0   15.0   15.0    0.0     -2
   35.0    0.0  -12.0   15.0   15.0   15.0     -2
   35.0    0.0    0.0  -15.0  -15.0  -15.0     -1
   35.0    0.0    0.0  -15.0  -15.0    0.0     -1
   35.0    0.0    0.0  -15.0  -15.0   15.0     -1
   35.0    0.0    0.0  -15.0    0.0  -15.0      0        29.607576       108.131325       129.276624       125.897837       123.403792       128.812156
   35.0    0.0    0.0  -15.0    0.0    0.0      0        28.606275        98.995395       149.722764       113.996939       143.439610       102.380202
   35.0    0.0    0.0  -15.0    0.0   15.0     -1
   35.0    0.0    0.0  -15.0   15.0  -15.0     -1
   35.0    0.0    0.0  -15.0   15.0    0.0     -1
   35.0    0.0    0.0  -15.0   15.0   15.0     -1
   35.0    0.0    0.0    0.0  -15.0  -15.0     -2
   35.0    0.0    0.0    0.0  -15.0    0.0      0        78.530703       123.116597       150.536561        57.735725        86.031075       132.836334
   35.0    0.0    0.0    0.0  -15.0   15.0     -1
   35.0    0.0    0.0    0.0    0.0  -15.0     -1
   35.0    0.0    0.0    0.0    0.0    0.0      0        70.757790        88.484347       120.040308        85.001573       123.186146       142.483195
   35.0    0.0    0.0    0.0    0.0   15.0     -2
   35.0    0.0    0.0    0.0   15.0  -15.0     -1
   35.0    0.0    0.0    0.0   15.0    0.0     -1
   35.0    0.0    0.0    0.0   15.0   15.0     -1
   35.0    0.0    0.0   15.0  -15.0  -15.0     -1
   35.0    0.0    0.0   15.0  -15.0    0.0     -1
   35.0    0.0    0.0   15.0  -15.0   15.0     -3
   35.0    0.0    0.0   15.0    0.0  -15.0     -1
   35.0    0.0    0.0   15.0    0.0    0.0     -1
   35.0    0.0    0.0   15.0    0.0   15.0     -1
   35.0    0.0    0.0   15.0   15.0  -15.0     -2
   35.0    0.0    0.0   15.0   15.0    0.0     -1
   35.0    0.0    0.0   15.0   15.0   15.0     -1
   35.0    0.0   12.0  -15.0  -15.0  -15.0     -1
   35.0    0.0   12.0  -15.0  -15.0    0.0     -1
   35.0    0.0   12.0  -15.0  -15.0   15.0     -1
   35.0    0.0   12.0  -15.0    0.0  -15.0     -1
   35.0    0.0   12.0  -15.0    0.0    0.0     -1
   35.0    0.0   12.0  -15.0    0.0   15.0     -1
   35.0    0.0   12.0  -15.0   15.0  -15.0     -1
   35.0    0.0   12.0  -15.0   15.0    0.0     -4
   35.0    0.0   12.0  -15.0   15.0   15.0     -1
   35.0    0.0   12.0    0.0  -15.0  -15.0     -1
   35.0    0.0   12.0    0.0  -15.0    0.0     -1
   35.0    0.0   12.0    0.0  -15.0   15.0     -1
   35.0    0.0   12.0    0.0    0.0  -15.0     -1
   35.0    0.0   12.0    0.0    0.0    0.0     -4
   35.0    0.0   12.0    0.0    0.0   15.0     -1
   35.0    0.0   12.0    0.0   15.0  -15.0     -1
   35.0    0.0   12.0    0.0   15.0    0.0     -1
   35.0    0.0   12.0    0.0   15.0   15.0     -1
   35.0    0.0   12.0   15.0  -15.0  -15.0     -1
   35.0    0.0   12.0   15.0  -15.0    0.0     -1
   35.0    0.0   12.0   15.0  -15.0   15.0     -1
   35.0    0.0   12.0   15.0    0.0  -15.0     -1
   35.0    0.0   12.0   15.0    0.0    0.0     -1
   35.0    0.0   12.0   15.0    0.0   15.0     -1
   35.0    0.0   12.0   15.0   15.0  -15.0     -1
   35.0    0.0   12.0   15.0   15.0    0.0     -4
   35.0    0.0   12.0   15.0   15.0   15.0     -4
   35.0   35.0  -12.0  -15.0  -15.0  -15.0     -2
   35.0   35.0  -12.0  -15.0  -15.0    0.0     -2
   35.0   35.0  -12.0  -15.0  -15.0   15.0     -2
   35.0   35.0  -12.0  -15.0    0.0  -15.0     -2
   35.0   35.0  -12.0  -15.0    0.0    0.0     -2
   35.0   35.0  -12.0  -15.0    0.0   15.0     -2
   35.0   35.0  -12.0  -15.0   15.0  -15.0     -2
   35.0   35.0  -12.0  -15.0   15.0    0.0     -2
   35.0   35.0  -12.0  -15.0   15.0   15.0     -2
   35.0   35.0  -12.0    0.0  -15.0  -15.0      0        53.406419        73.893649       133.254948        84.080367        31.888987       137.488067
   35.0   35.0  -12.0    0.0  -15.0    0.0     -4
   35.0   35.0  -12.0    0.0  -15.0   15.0     -1
   35.0   35.0  -12.0    0.0    0.0  -15.0      0        43.596576        32.998108       106.087761       115.275453        65.233686       144.267882
   35.0   35.0  -12.0    0.0    0.0    0.0      0        48.129195        32.802806       132.165346        93.473823        67.330682       118.069845
   35.0   35.0  -12.0    0.0    0.0   15.0     -2
   35.0   35.0  -12.0    0.0   15.0  -15.0     -2
   35.0   35.0  -12.0    0.0   15.0    0.0     -2
   35.0   35.0  -12.0    0.0   15.0   15.0     -2
   35.0   35.0  -12.0   15.0  -15.0  -15.0     -3
   35.0   35.0  -12.0   15.0  -15.0    0.0      0        93.024615        61.735264       139.815717        44.175363        21.788018       137.524970
   35.0   35.0  -12.0   15.0  -15.0   15.0     -2
   35.0   35.0  -12.0   15.0    0.0  -15.0     -1
   35.0   35.0  -12.0   15.0    0.0    0.0      0        86.018582        12.344825       110.918685        70.350739        56.024242       154.606845
   35.0   35.0  -12.0   15.0    0.0   15.0      0        90.667764        19.465232       143.763491        60.263519        65.439692       129.024107
   35.0   35.0  -12.0   15.0   15.0  -15.0     -2
   35.0   35.0  -12.0   15.0   15.0    0.0     -2
   35.0   35.0  -12.0   15.0   15.0   15.0     -2
   35.0   35.0    0.0  -15.0  -15.0  -15.0     -1
   35.0   35.0    0.0  -15.0  -15.0    0.0     -1
   35.0   35.0    0.0  -15.0  -15.0   15.0     -1
   35.0   35.0    0.0  -15.0    0.0  -15.0     -1
   35.0   35.0    0.0  -15.0    0.0    0.0     -1
   35.0   35.0    0.0  -15.0    0.0   15.0     -1
   35.0   35.0    0.0  -15.0   15.0  -15.0     -1
   35.0   35.0    0.0  -15.0   15.0    0.0     -2
   35.0   35.0    0.0  -15.0   15.0   15.0     -1
   35.0   35.0    0.0    0.0  -15.0  -15.0     -1
   35.0   35.0    0.0    0.0  -15.0    0.0     -1
   35.0   35.0    0.0    0.0  -15.0   15.0     -1
   35.0   35.0    0.0    0.0    0.0  -15.0     -1
   35.0   35.0    0.0    0.0    0.0    0.0     -2
   35.0   35.0    0.0    0.0    0.0   15.0     -1
   35.0   35.0    0.0    0.0   15.0  -15.0     -1
   35.0   35.0    0.0    0.0   15.0    0.0     -1
   35.0   35.0    0.0    0.0   15.0   15.0     -2
   35.0   35.0    0.0   15.0  -15.0  -15.0     -1
   35.0   35.0    0.0   15.0  -15.0    0.0     -1
   35.0   35.0    0.0   15.0  -15.0   15.0     -1
   35.0   35.0    0.0   15.0    0.0  -15.0     -1
   35.0   35.0    0.0   15.0    0.0    0.0     -1
   35.0   35.0    0.0   15.0    0.0   15.0     -1
   35.0   35.0    0.0   15.0   15.0  -15.0     -1
   35.0   35.0    0.0   15.0   15.0    0.0     -2
   35.0   35.0    0.0   15.0   15.0   15.0     -1
   35.0   35.0   12.0  -15.0  -15.0  -15.0     -1
   35.0   35.0   12.0  -15.0  -15.0    0.0     -1
   35.0   35.0   12.0  -15.0  -15.0   15.0     -1
   35.0   35.0   12.0  -15.0    0.0  -15.0     -1
   35.0   35.0   12.0  -15.0    0.0    0.0     -1
   35.0   35.0   12.0  -15.0    0.0   15.0     -1
   35.0   35.0   12.0  -15.0   15.0  -15.0     -1
   35.0   35.0   12.0  -15.0   15.0    0.0     -1
   35.0   35.0   12.0  -15.0   15.0   15.0     -1
   35.0   35.0   12.0    0.0  -15.0  -15.0     -1
   35.0   35.0   12.0    0.0  -15.0    0.0     -1
   35.0   35.0   12.0    0.0  -15.0   15.0     -1
   35.0   35.0   12.0    0.0    0.0  -15.0     -1
   35.0   35.0   12.0    0.0    0.0    0.0     -1
   35.0   35.0   12.0    0.0    0.0   15.0     -1
   35.0   35.0   12.0    0.0   15.0  -15.0     -1
   35.0   35.0   12.0    0.0   15.0    0.0     -1
   35.0   35.0   12.0    0.0   15.0   15.0     -1
   35.0   35.0   12.0   15.0  -15.0  -15.0     -1
   35.0   35.0   12.0   15.0  -15.0    0.0     -1
   35.0   35.0   12.0   15.0  -15.0   15.0     -1
   35.0   35.0   12.0   15.0    0.0  -15.0     -1
   35.0   35.0   12.0   15.0    0.0    0.0     -1
   35.0   35.0   12.0   15.0    0.0   15.0     -1
   35.0   35.0   12.0   15.0   15.0  -15.0     -1
   35.0   35.0   12.0   15.0   15.0    0.0     -1
   35.0   35.0   12.0   15.0   15.0   15.0     -1
