
STEWART PLATFORM

COMPILATION DATE AND TIME
Apr 20 2019
14:43:47
HEXAPOD_CONFIG = 2

   SWAY  SURGE  HEAVE  PITCH   ROLL    YAW  movOK          ANGLE 1          ANGLE 2          ANGLE 3          ANGLE 4          ANGLE 5          ANGLE 6
=======================================================================================================================================================
    0.0    0.0    0.0    0.0    0.0    0.0      0        90.000008        90.000008        89.999992        90.000008        89.999992        90.000008
    0.0    0.0   10.0    0.0    0.0    0.0      0       148.826827       148.826827        31.173173       148.826827        31.173173       148.826827
    0.0    0.0   -5.0    0.0    0.0    0.0      0        59.894484        59.894484       120.105516        59.894484       120.105516        59.894484
=======================================================================================================================================================
  -34.0  -34.0   -5.0  -11.0  -11.0  -11.0     -1
  -34.0  -34.0   -5.0  -11.0  -11.0    0.0     -1
  -34.0  -34.0   -5.0  -11.0  -11.0   11.0     -1
  -34.0  -34.0   -5.0  -11.0    0.0  -11.0     -1
  -34.0  -34.0   -5.0  -11.0    0.0    0.0     -2
  -34.0  -34.0   -5.0  -11.0    0.0   11.0     -3
  -34.0  -34.0   -5.0  -11.0   11.0  -11.0     -3
  -34.0  -34.0   -5.0  -11.0   11.0    0.0     -3
  -34.0  -34.0   -5.0  -11.0   11.0   11.0     -1
  -34.0  -34.0   -5.0    0.0  -11.0  -11.0     -1
  -34.0  -34.0   -5.0    0.0  -11.0    0.0     -3
  -34.0  -34.0   -5.0    0.0  -11.0   11.0     -1
  -34.0  -34.0   -5.0    0.0    0.0  -11.0     -1
  -34.0  -34.0   -5.0    0.0    0.0    0.0     -3
  -34.0  -34.0   -5.0    0.0    0.0   11.0     -2
  -34.0  -34.0   -5.0    0.0   11.0  -11.0     -3
  -34.0  -34.0   -5.0    0.0   11.0    0.0     -4
  -34.0  -34.0   -5.0    0.0   11.0   11.0     -2
  -34.0  -34.0   -5.0   11.0  -11.0  -11.0     -1
  -34.0  -34.0   -5.0   11.0  -11.0    0.0     -1
  -34.0  -34.0   -5.0   11.0  -11.0   11.0     -1
  -34.0  -34.0   -5.0   11.0    0.0  -11.0     -1
  -34.0  -34.0   -5.0   11.0    0.0    0.0     -1
  -34.0  -34.0   -5.0   11.0    0.0   11.0     -1
  -34.0  -34.0   -5.0   11.0   11.0  -11.0     -2
  -34.0  -34.0   -5.0   11.0   11.0    0.0     -1
  -34.0  -34.0   -5.0   11.0   11.0   11.0     -1
  -34.0  -34.0    2.5  -11.0  -11.0  -11.0     -1
  -34.0  -34.0    2.5  -11.0  -11.0    0.0     -1
  -34.0  -34.0    2.5  -11.0  -11.0   11.0     -2
  -34.0  -34.0    2.5  -11.0    0.0  -11.0     -1
  -34.0  -34.0    2.5  -11.0    0.0    0.0     -1
  -34.0  -34.0    2.5  -11.0    0.0   11.0     -2
  -34.0  -34.0    2.5  -11.0   11.0  -11.0     -1
  -34.0  -34.0    2.5  -11.0   11.0    0.0     -2
  -34.0  -34.0    2.5  -11.0   11.0   11.0     -2
  -34.0  -34.0    2.5    0.0  -11.0  -11.0     -1
  -34.0  -34.0    2.5    0.0  -11.0    0.0     -1
  -34.0  -34.0    2.5    0.0  -11.0   11.0     -1
  -34.0  -34.0    2.5    0.0    0.0  -11.0     -2
  -34.0  -34.0    2.5    0.0    0.0    0.0     -1
  -34.0  -34.0    2.5    0.0    0.0   11.0     -1
  -34.0  -34.0    2.5    0.0   11.0  -11.0     -3
  -34.0  -34.0    2.5    0.0   11.0    0.0     -1
  -34.0  -34.0    2.5    0.0   11.0   11.0     -1
  -34.0  -34.0    2.5   11.0  -11.0  -11.0     -1
  -34.0  -34.0    2.5   11.0  -11.0    0.0     -1
  -34.0  -34.0    2.5   11.0  -11.0   11.0     -1
  -34.0  -34.0    2.5   11.0    0.0  -11.0     -1
  -34.0  -34.0    2.5   11.0    0.0    0.0     -1
  -34.0  -34.0    2.5   11.0    0.0   11.0     -1
  -34.0  -34.0    2.5   11.0   11.0  -11.0     -1
  -34.0  -34.0    2.5   11.0   11.0    0.0     -1
  -34.0  -34.0    2.5   11.0   11.0   11.0     -1
  -34.0  -34.0   10.0  -11.0  -11.0  -11.0     -2
  -34.0  -34.0   10.0  -11.0  -11.0    0.0     -1
  -34.0  -34.0   10.0  -11.0  -11.0   11.0     -1
  -34.0  -34.0   10.0  -11.0    0.0  -11.0     -2
  -34.0  -34.0   10.0  -11.0    0.0    0.0     -1
  -34.0  -34.0   10.0  -11.0    0.0   11.0     -1
  -34.0  -34.0   10.0  -11.0   11.0  -11.0     -3
  -34.0  -34.0   10.0  -11.0   11.0    0.0     -1
  -34.0  -34.0   10.0  -11.0   11.0   11.0     -1
  -34.0  -34.0   10.0    0.0  -11.0  -11.0     -1
  -34.0  -34.0   10.0    0.0  -11.0    0.0     -1
  -34.0  -34.0   10.0    0.0  -11.0   11.0     -1
  -34.0  -34.0   10.0    0.0    0.0  -11.0     -1
  -34.0  -34.0   10.0    0.0    0.0    0.0     -1
  -34.0  -34.0   10.0    0.0    0.0   11.0     -1
  -34.0  -34.0   10.0    0.0   11.0  -11.0     -1
  -34.0  -34.0   10.0    0.0   11.0    0.0     -1
  -34.0  -34.0   10.0    0.0   11.0   11.0     -1
  -34.0  -34.0   10.0   11.0  -11.0  -11.0     -1
  -34.0  -34.0   10.0   11.0  -11.0    0.0     -1
  -34.0  -34.0   10.0   11.0  -11.0   11.0     -1
  -34.0  -34.0   10.0   11.0    0.0  -11.0     -1
  -34.0  -34.0   10.0   11.0    0.0    0.0     -1
  -34.0  -34.0   10.0   11.0    0.0   11.0     -1
  -34.0  -34.0   10.0   11.0   11.0  -11.0     -1
  -34.0  -34.0   10.0   11.0   11.0    0.0     -1
  -34.0  -34.0   10.0   11.0   11.0   11.0     -1
  -34.0    0.0   -5.0  -11.0  -11.0  -11.0     -1
  -34.0    0.0   -5.0  -11.0  -11.0    0.0     -2
  -34.0    0.0   -5.0  -11.0  -11.0   11.0     -3
  -34.0    0.0   -5.0  -11.0    0.0  -11.0     -2
  -34.0    0.0   -5.0  -11.0    0.0    0.0     -2
  -34.0    0.0   -5.0  -11.0    0.0   11.0     -2
  -34.0    0.0   -5.0  -11.0   11.0  -11.0     -2
  -34.0    0.0   -5.0  -11.0   11.0    0.0     -3
  -34.0    0.0   -5.0  -11.0   11.0   11.0     -2
  -34.0    0.0   -5.0    0.0  -11.0  -11.0     -2
  -34.0    0.0   -5.0    0.0  -11.0    0.0     -2
  -34.0    0.0   -5.0    0.0  -11.0   11.0     -3
  -34.0    0.0   -5.0    0.0    0.0  -11.0      0       114.072412       133.464364       129.280584       143.171537       127.489234        30.604810
  -34.0    0.0   -5.0    0.0    0.0    0.0      0       141.492183       108.062012       126.732426       118.769087       116.414229        27.528311
  -34.0    0.0   -5.0    0.0    0.0   11.0      0       178.234866        91.080843       117.694233        96.001294       103.964699        29.343157
  -34.0    0.0   -5.0    0.0   11.0  -11.0     -3
  -34.0    0.0   -5.0    0.0   11.0    0.0      0       131.904848        57.513810       176.241090       155.767405        64.810772        40.646727
  -34.0    0.0   -5.0    0.0   11.0   11.0      0       166.784745        38.999547       165.824988       133.709309        54.347576        41.762745
  -34.0    0.0   -5.0   11.0  -11.0  -11.0     -3
  -34.0    0.0   -5.0   11.0  -11.0    0.0     -1
  -34.0    0.0   -5.0   11.0  -11.0   11.0     -1
  -34.0    0.0   -5.0   11.0    0.0  -11.0      0       172.213479       114.005828       169.905202       111.747413       152.967709        89.681252
  -34.0    0.0   -5.0   11.0    0.0    0.0     -3
  -34.0    0.0   -5.0   11.0    0.0   11.0     -1
  -34.0    0.0   -5.0   11.0   11.0  -11.0     -2
  -34.0    0.0   -5.0   11.0   11.0    0.0     -3
  -34.0    0.0   -5.0   11.0   11.0   11.0     -2
  -34.0    0.0    2.5  -11.0  -11.0  -11.0     -1
  -34.0    0.0    2.5  -11.0  -11.0    0.0     -1
  -34.0    0.0    2.5  -11.0  -11.0   11.0     -1
  -34.0    0.0    2.5  -11.0    0.0  -11.0     -1
  -34.0    0.0    2.5  -11.0    0.0    0.0     -3
  -34.0    0.0    2.5  -11.0    0.0   11.0      0       165.122552       160.022214        32.614556       174.975946        45.001306        15.172968
  -34.0    0.0    2.5  -11.0   11.0  -11.0     -1
  -34.0    0.0    2.5  -11.0   11.0    0.0     -1
  -34.0    0.0    2.5  -11.0   11.0   11.0     -1
  -34.0    0.0    2.5    0.0  -11.0  -11.0     -1
  -34.0    0.0    2.5    0.0  -11.0    0.0     -3
  -34.0    0.0    2.5    0.0  -11.0   11.0     -1
  -34.0    0.0    2.5    0.0    0.0  -11.0     -3
  -34.0    0.0    2.5    0.0    0.0    0.0     -3
  -34.0    0.0    2.5    0.0    0.0   11.0     -1
  -34.0    0.0    2.5    0.0   11.0  -11.0     -1
  -34.0    0.0    2.5    0.0   11.0    0.0     -3
  -34.0    0.0    2.5    0.0   11.0   11.0     -2
  -34.0    0.0    2.5   11.0  -11.0  -11.0     -1
  -34.0    0.0    2.5   11.0  -11.0    0.0     -1
  -34.0    0.0    2.5   11.0  -11.0   11.0     -1
  -34.0    0.0    2.5   11.0    0.0  -11.0     -1
  -34.0    0.0    2.5   11.0    0.0    0.0     -1
  -34.0    0.0    2.5   11.0    0.0   11.0     -1
  -34.0    0.0    2.5   11.0   11.0  -11.0     -2
  -34.0    0.0    2.5   11.0   11.0    0.0     -1
  -34.0    0.0    2.5   11.0   11.0   11.0     -1
  -34.0    0.0   10.0  -11.0  -11.0  -11.0     -1
  -34.0    0.0   10.0  -11.0  -11.0    0.0     -3
  -34.0    0.0   10.0  -11.0  -11.0   11.0     -1
  -34.0    0.0   10.0  -11.0    0.0  -11.0     -1
  -34.0    0.0   10.0  -11.0    0.0    0.0     -1
  -34.0    0.0   10.0  -11.0    0.0   11.0     -2
  -34.0    0.0   10.0  -11.0   11.0  -11.0     -2
  -34.0    0.0   10.0  -11.0   11.0    0.0     -1
  -34.0    0.0   10.0  -11.0   11.0   11.0     -2
  -34.0    0.0   10.0    0.0  -11.0  -11.0     -1
  -34.0    0.0   10.0    0.0  -11.0    0.0     -1
  -34.0    0.0   10.0    0.0  -11.0   11.0     -1
  -34.0    0.0   10.0    0.0    0.0  -11.0     -1
  -34.0    0.0   10.0    0.0    0.0    0.0     -1
  -34.0    0.0   10.0    0.0    0.0   11.0     -1
  -34.0    0.0   10.0    0.0   11.0  -11.0     -3
  -34.0    0.0   10.0    0.0   11.0    0.0     -1
  -34.0    0.0   10.0    0.0   11.0   11.0     -1
  -34.0    0.0   10.0   11.0  -11.0  -11.0     -1
  -34.0    0.0   10.0   11.0  -11.0    0.0     -1
  -34.0    0.0   10.0   11.0  -11.0   11.0     -1
  -34.0    0.0   10.0   11.0    0.0  -11.0     -1
  -34.0    0.0   10.0   11.0    0.0    0.0     -1
  -34.0    0.0   10.0   11.0    0.0   11.0     -1
  -34.0    0.0   10.0   11.0   11.0  -11.0     -1
  -34.0    0.0   10.0   11.0   11.0    0.0     -1
  -34.0    0.0   10.0   11.0   11.0   11.0     -1
  -34.0   34.0   -5.0  -11.0  -11.0  -11.0     -2
  -34.0   34.0   -5.0  -11.0  -11.0    0.0     -1
  -34.0   34.0   -5.0  -11.0  -11.0   11.0     -1
  -34.0   34.0   -5.0  -11.0    0.0  -11.0     -1
  -34.0   34.0   -5.0  -11.0    0.0    0.0     -3
  -34.0   34.0   -5.0  -11.0    0.0   11.0     -1
  -34.0   34.0   -5.0  -11.0   11.0  -11.0     -1
  -34.0   34.0   -5.0  -11.0   11.0    0.0     -1
  -34.0   34.0   -5.0  -11.0   11.0   11.0     -1
  -34.0   34.0   -5.0    0.0  -11.0  -11.0     -3
  -34.0   34.0   -5.0    0.0  -11.0    0.0     -3
  -34.0   34.0   -5.0    0.0  -11.0   11.0     -3
  -34.0   34.0   -5.0    0.0    0.0  -11.0     -1
  -34.0   34.0   -5.0    0.0    0.0    0.0     -3
  -34.0   34.0   -5.0    0.0    0.0   11.0     -3
  -34.0   34.0   -5.0    0.0   11.0  -11.0     -1
  -34.0   34.0   -5.0    0.0   11.0    0.0     -1
  -34.0   34.0   -5.0    0.0   11.0   11.0     -3
  -34.0   34.0   -5.0   11.0  -11.0  -11.0     -3
  -34.0   34.0   -5.0   11.0  -11.0    0.0     -1
  -34.0   34.0   -5.0   11.0  -11.0   11.0     -1
  -34.0   34.0   -5.0   11.0    0.0  -11.0     -3
  -34.0   34.0   -5.0   11.0    0.0    0.0     -2
  -34.0   34.0   -5.0   11.0    0.0   11.0     -1
  -34.0   34.0   -5.0   11.0   11.0  -11.0     -1
  -34.0   34.0   -5.0   11.0   11.0    0.0     -3
  -34.0   34.0   -5.0   11.0   11.0   11.0     -1
  -34.0   34.0    2.5  -11.0  -11.0  -11.0     -1
  -34.0   34.0    2.5  -11.0  -11.0    0.0     -1
  -34.0   34.0    2.5  -11.0  -11.0   11.0     -3
  -34.0   34.0    2.5  -11.0    0.0  -11.0     -1
  -34.0   34.0    2.5  -11.0    0.0    0.0     -1
  -34.0   34.0    2.5  -11.0    0.0   11.0     -3
  -34.0   34.0    2.5  -11.0   11.0  -11.0     -1
  -34.0   34.0    2.5  -11.0   11.0    0.0     -3
  -34.0   34.0    2.5  -11.0   11.0   11.0     -3
  -34.0   34.0    2.5    0.0  -11.0  -11.0     -3
  -34.0   34.0    2.5    0.0  -11.0    0.0     -1
  -34.0   34.0    2.5    0.0  -11.0   11.0     -1
  -34.0   34.0    2.5    0.0    0.0  -11.0     -3
  -34.0   34.0    2.5    0.0    0.0    0.0     -3
  -34.0   34.0    2.5    0.0    0.0   11.0     -1
  -34.0   34.0    2.5    0.0   11.0  -11.0     -1
  -34.0   34.0    2.5    0.0   11.0    0.0     -3
  -34.0   34.0    2.5    0.0   11.0   11.0     -1
  -34.0   34.0    2.5   11.0  -11.0  -11.0     -1
  -34.0   34.0    2.5   11.0  -11.0    0.0     -1
  -34.0   34.0    2.5   11.0  -11.0   11.0     -1
  -34.0   34.0    2.5   11.0    0.0  -11.0     -1
  -34.0   34.0    2.5   11.0    0.0    0.0     -1
  -34.0   34.0    2.5   11.0    0.0   11.0     -1
  -34.0   34.0    2.5   11.0   11.0  -11.0     -1
  -34.0   34.0    2.5   11.0   11.0    0.0     -1
  -34.0   34.0    2.5   11.0   11.0   11.0     -1
  -34.0   34.0   10.0  -11.0  -11.0  -11.0     -1
  -34.0   34.0   10.0  -11.0  -11.0    0.0     -3
  -34.0   34.0   10.0  -11.0  -11.0   11.0     -1
  -34.0   34.0   10.0  -11.0    0.0  -11.0     -1
  -34.0   34.0   10.0  -11.0    0.0    0.0     -3
  -34.0   34.0   10.0  -11.0    0.0   11.0     -1
  -34.0   34.0   10.0  -11.0   11.0  -11.0     -1
  -34.0   34.0   10.0  -11.0   11.0    0.0     -3
  -34.0   34.0   10.0  -11.0   11.0   11.0     -1
  -34.0   34.0   10.0    0.0  -11.0  -11.0     -1
  -34.0   34.0   10.0    0.0  -11.0    0.0     -1
  -34.0   34.0   10.0    0.0  -11.0   11.0     -1
  -34.0   34.0   10.0    0.0    0.0  -11.0     -1
  -34.0   34.0   10.0    0.0    0.0    0.0     -1
  -34.0   34.0   10.0    0.0    0.0   11.0     -1
  -34.0   34.0   10.0    0.0   11.0  -11.0     -2
  -34.0   34.0   10.0    0.0   11.0    0.0     -1
  -34.0   34.0   10.0    0.0   11.0   11.0     -1
  -34.0   34.0   10.0   11.0  -11.0  -11.0     -1
  -34.0   34.0   10.0   11.0  -11.0    0.0     -1
  -34.0   34.0   10.0   11.0  -11.0   11.0     -1
  -34.0   34.0   10.0   11.0    0.0  -11.0     -1
  -34.0   34.0   10.0   11.0    0.0    0.0     -1
  -34.0   34.0   10.0   11.0    0.0   11.0     -1
  -34.0   34.0   10.0   11.0   11.0  -11.0     -1
  -34.0   34.0   10.0   11.0   11.0    0.0     -1
  -34.0   34.0   10.0   11.0   11.0   11.0     -1
    0.0  -34.0   -5.0  -11.0  -11.0  -11.0     -1
    0.0  -34.0   -5.0  -11.0  -11.0    0.0     -3
    0.0  -34.0   -5.0  -11.0  -11.0   11.0     -3
    0.0  -34.0   -5.0  -11.0    0.0  -11.0     -3
    0.0  -34.0   -5.0  -11.0    0.0    0.0      0        22.330744       152.361421       101.077892        78.922108        27.638579        22.330744
    0.0  -34.0   -5.0  -11.0    0.0   11.0     -3
    0.0  -34.0   -5.0  -11.0   11.0  -11.0     -3
    0.0  -34.0   -5.0  -11.0   11.0    0.0     -3
    0.0  -34.0   -5.0  -11.0   11.0   11.0     -1
    0.0  -34.0   -5.0    0.0  -11.0  -11.0     -1
    0.0  -34.0   -5.0    0.0  -11.0    0.0     -3
    0.0  -34.0   -5.0    0.0  -11.0   11.0     -2
    0.0  -34.0   -5.0    0.0    0.0  -11.0      0        70.380716       167.349070       145.161691        44.789411        70.234001        95.600419
    0.0  -34.0   -5.0    0.0    0.0    0.0      0        79.448092       136.117954       141.850974        38.149026        43.882046        79.448092
    0.0  -34.0   -5.0    0.0    0.0   11.0      0        95.600419       109.765999       135.210589        34.838309        12.650930        70.380716
    0.0  -34.0   -5.0    0.0   11.0  -11.0     -2
    0.0  -34.0   -5.0    0.0   11.0    0.0     -2
    0.0  -34.0   -5.0    0.0   11.0   11.0     -2
    0.0  -34.0   -5.0   11.0  -11.0  -11.0     -3
    0.0  -34.0   -5.0   11.0  -11.0    0.0     -2
    0.0  -34.0   -5.0   11.0  -11.0   11.0     -3
    0.0  -34.0   -5.0   11.0    0.0  -11.0     -2
    0.0  -34.0   -5.0   11.0    0.0    0.0     -2
    0.0  -34.0   -5.0   11.0    0.0   11.0     -2
    0.0  -34.0   -5.0   11.0   11.0  -11.0     -2
    0.0  -34.0   -5.0   11.0   11.0    0.0     -2
    0.0  -34.0   -5.0   11.0   11.0   11.0     -2
    0.0  -34.0    2.5  -11.0  -11.0  -11.0     -1
    0.0  -34.0    2.5  -11.0  -11.0    0.0     -1
    0.0  -34.0    2.5  -11.0  -11.0   11.0     -1
    0.0  -34.0    2.5  -11.0    0.0  -11.0     -1
    0.0  -34.0    2.5  -11.0    0.0    0.0     -3
    0.0  -34.0    2.5  -11.0    0.0   11.0     -1
    0.0  -34.0    2.5  -11.0   11.0  -11.0     -1
    0.0  -34.0    2.5  -11.0   11.0    0.0     -1
    0.0  -34.0    2.5  -11.0   11.0   11.0     -1
    0.0  -34.0    2.5    0.0  -11.0  -11.0     -1
    0.0  -34.0    2.5    0.0  -11.0    0.0     -1
    0.0  -34.0    2.5    0.0  -11.0   11.0     -2
    0.0  -34.0    2.5    0.0    0.0  -11.0     -3
    0.0  -34.0    2.5    0.0    0.0    0.0     -3
    0.0  -34.0    2.5    0.0    0.0   11.0     -3
    0.0  -34.0    2.5    0.0   11.0  -11.0     -2
    0.0  -34.0    2.5    0.0   11.0    0.0     -1
    0.0  -34.0    2.5    0.0   11.0   11.0     -1
    0.0  -34.0    2.5   11.0  -11.0  -11.0     -1
    0.0  -34.0    2.5   11.0  -11.0    0.0     -1
    0.0  -34.0    2.5   11.0  -11.0   11.0     -1
    0.0  -34.0    2.5   11.0    0.0  -11.0     -1
    0.0  -34.0    2.5   11.0    0.0    0.0     -1
    0.0  -34.0    2.5   11.0    0.0   11.0     -1
    0.0  -34.0    2.5   11.0   11.0  -11.0     -2
    0.0  -34.0    2.5   11.0   11.0    0.0     -3
    0.0  -34.0    2.5   11.0   11.0   11.0     -1
    0.0  -34.0   10.0  -11.0  -11.0  -11.0     -1
    0.0  -34.0   10.0  -11.0  -11.0    0.0     -1
    0.0  -34.0   10.0  -11.0  -11.0   11.0     -1
    0.0  -34.0   10.0  -11.0    0.0  -11.0     -1
    0.0  -34.0   10.0  -11.0    0.0    0.0     -1
    0.0  -34.0   10.0  -11.0    0.0   11.0     -1
    0.0  -34.0   10.0  -11.0   11.0  -11.0     -1
    0.0  -34.0   10.0  -11.0   11.0    0.0     -3
    0.0  -34.0   10.0  -11.0   11.0   11.0     -1
    0.0  -34.0   10.0    0.0  -11.0  -11.0     -2
    0.0  -34.0   10.0    0.0  -11.0    0.0     -1
    0.0  -34.0   10.0    0.0  -11.0   11.0     -1
    0.0  -34.0   10.0    0.0    0.0  -11.0     -1
    0.0  -34.0   10.0    0.0    0.0    0.0     -3
    0.0  -34.0   10.0    0.0    0.0   11.0     -1
    0.0  -34.0   10.0    0.0   11.0  -11.0     -3
    0.0  -34.0   10.0    0.0   11.0    0.0     -3
    0.0  -34.0   10.0    0.0   11.0   11.0     -2
    0.0  -34.0   10.0   11.0  -11.0  -11.0     -1
    0.0  -34.0   10.0   11.0  -11.0    0.0     -1
    0.0  -34.0   10.0   11.0  -11.0   11.0     -1
    0.0  -34.0   10.0   11.0    0.0  -11.0     -1
    0.0  -34.0   10.0   11.0    0.0    0.0     -1
    0.0  -34.0   10.0   11.0    0.0   11.0     -1
    0.0  -34.0   10.0   11.0   11.0  -11.0     -1
    0.0  -34.0   10.0   11.0   11.0    0.0     -1
    0.0  -34.0   10.0   11.0   11.0   11.0     -1
    0.0    0.0   -5.0  -11.0  -11.0  -11.0     -2
    0.0    0.0   -5.0  -11.0  -11.0    0.0     -4
    0.0    0.0   -5.0  -11.0  -11.0   11.0     -2
    0.0    0.0   -5.0  -11.0    0.0  -11.0     -2
    0.0    0.0   -5.0  -11.0    0.0    0.0     -2
    0.0    0.0   -5.0  -11.0    0.0   11.0     -2
    0.0    0.0   -5.0  -11.0   11.0  -11.0     -2
    0.0    0.0   -5.0  -11.0   11.0    0.0     -2
    0.0    0.0   -5.0  -11.0   11.0   11.0     -4
    0.0    0.0   -5.0    0.0  -11.0  -11.0     -2
    0.0    0.0   -5.0    0.0  -11.0    0.0     -4
    0.0    0.0   -5.0    0.0  -11.0   11.0     -2
    0.0    0.0   -5.0    0.0    0.0  -11.0      0        45.446930        78.238962       134.553070        78.238962       134.553070        78.238962
    0.0    0.0   -5.0    0.0    0.0    0.0      0        59.894484        59.894484       120.105516        59.894484       120.105516        59.894484
    0.0    0.0   -5.0    0.0    0.0   11.0      0        78.238962        45.446930       101.761038        45.446930       101.761038        45.446930
    0.0    0.0   -5.0    0.0   11.0  -11.0     -2
    0.0    0.0   -5.0    0.0   11.0    0.0     -2
    0.0    0.0   -5.0    0.0   11.0   11.0     -2
    0.0    0.0   -5.0   11.0  -11.0  -11.0     -2
    0.0    0.0   -5.0   11.0  -11.0    0.0     -2
    0.0    0.0   -5.0   11.0  -11.0   11.0     -2
    0.0    0.0   -5.0   11.0    0.0  -11.0     -4
    0.0    0.0   -5.0   11.0    0.0    0.0      0       114.413386        37.539234       169.062676        10.937324       142.460766       114.413386
    0.0    0.0   -5.0   11.0    0.0   11.0     -4
    0.0    0.0   -5.0   11.0   11.0  -11.0     -2
    0.0    0.0   -5.0   11.0   11.0    0.0     -2
    0.0    0.0   -5.0   11.0   11.0   11.0     -2
    0.0    0.0    2.5  -11.0  -11.0  -11.0     -2
    0.0    0.0    2.5  -11.0  -11.0    0.0     -3
    0.0    0.0    2.5  -11.0  -11.0   11.0     -1
    0.0    0.0    2.5  -11.0    0.0  -11.0      0        32.249757       138.501896        51.809139       160.217256        70.965373        66.508030
    0.0    0.0    2.5  -11.0    0.0    0.0      0        47.432200       121.487906        38.604452       141.395548        58.512094        47.432200
    0.0    0.0    2.5  -11.0    0.0   11.0      0        66.508030       109.034627        19.782744       128.190861        41.498104        32.249757
    0.0    0.0    2.5  -11.0   11.0  -11.0     -1
    0.0    0.0    2.5  -11.0   11.0    0.0     -3
    0.0    0.0    2.5  -11.0   11.0   11.0     -3
    0.0    0.0    2.5    0.0  -11.0  -11.0     -3
    0.0    0.0    2.5    0.0  -11.0    0.0      0       114.645250       159.839643        33.917603        61.268074       129.290679        94.288052
    0.0    0.0    2.5    0.0  -11.0   11.0      0       131.623687       145.700170        14.977943        47.372749       110.297148        81.421698
    0.0    0.0    2.5    0.0    0.0  -11.0      0        91.574166       120.938541        88.425834       120.938541        88.425834       120.938541
    0.0    0.0    2.5    0.0    0.0    0.0      0       104.195732       104.195732        75.804268       104.195732        75.804268       104.195732
    0.0    0.0    2.5    0.0    0.0   11.0      0       120.938541        91.574166        59.061459        91.574166        59.061459        91.574166
    0.0    0.0    2.5    0.0   11.0  -11.0      0        81.421698        69.702852       132.627251       165.022057        34.299830       131.623687
    0.0    0.0    2.5    0.0   11.0    0.0      0        94.288052        50.709321       118.731926       146.082397        20.160357       114.645250
    0.0    0.0    2.5    0.0   11.0   11.0     -3
    0.0    0.0    2.5   11.0  -11.0  -11.0      0       162.135530       156.679080        81.431401        37.247010       171.000175       163.299945
    0.0    0.0    2.5   11.0  -11.0    0.0      0       179.295333       138.493951        68.531966        13.347980       152.615815       145.219426
    0.0    0.0    2.5   11.0  -11.0   11.0     -3
    0.0    0.0    2.5   11.0    0.0  -11.0     -3
    0.0    0.0    2.5   11.0    0.0    0.0      0       161.636573        86.070841       111.187745        68.812255        93.929159       161.636573
    0.0    0.0    2.5   11.0    0.0   11.0     -3
    0.0    0.0    2.5   11.0   11.0  -11.0     -4
    0.0    0.0    2.5   11.0   11.0    0.0      0       145.219426        27.384185       166.652020       111.468034        41.506049       179.295333
    0.0    0.0    2.5   11.0   11.0   11.0      0       163.299945         8.999825       142.752990        98.568599        23.320920       162.135530
    0.0    0.0   10.0  -11.0  -11.0  -11.0     -1
    0.0    0.0   10.0  -11.0  -11.0    0.0     -1
    0.0    0.0   10.0  -11.0  -11.0   11.0     -1
    0.0    0.0   10.0  -11.0    0.0  -11.0     -3
    0.0    0.0   10.0  -11.0    0.0    0.0     -3
    0.0    0.0   10.0  -11.0    0.0   11.0     -1
    0.0    0.0   10.0  -11.0   11.0  -11.0     -1
    0.0    0.0   10.0  -11.0   11.0    0.0     -1
    0.0    0.0   10.0  -11.0   11.0   11.0     -1
    0.0    0.0   10.0    0.0  -11.0  -11.0     -1
    0.0    0.0   10.0    0.0  -11.0    0.0     -1
    0.0    0.0   10.0    0.0  -11.0   11.0     -3
    0.0    0.0   10.0    0.0    0.0  -11.0      0       135.400369       168.588368        44.599631       168.588368        44.599631       168.588368
    0.0    0.0   10.0    0.0    0.0    0.0      0       148.826827       148.826827        31.173173       148.826827        31.173173       148.826827
    0.0    0.0   10.0    0.0    0.0   11.0      0       168.588368       135.400369        11.411632       135.400369        11.411632       135.400369
    0.0    0.0   10.0    0.0   11.0  -11.0     -1
    0.0    0.0   10.0    0.0   11.0    0.0     -1
    0.0    0.0   10.0    0.0   11.0   11.0     -3
    0.0    0.0   10.0   11.0  -11.0  -11.0     -1
    0.0    0.0   10.0   11.0  -11.0    0.0     -1
    0.0    0.0   10.0   11.0  -11.0   11.0     -1
    0.0    0.0   10.0   11.0    0.0  -11.0     -1
    0.0    0.0   10.0   11.0    0.0    0.0     -1
    0.0    0.0   10.0   11.0    0.0   11.0     -1
    0.0    0.0   10.0   11.0   11.0  -11.0     -3
    0.0    0.0   10.0   11.0   11.0    0.0     -1
    0.0    0.0   10.0   11.0   11.0   11.0     -1
    0.0   34.0   -5.0  -11.0  -11.0  -11.0     -2
    0.0   34.0   -5.0  -11.0  -11.0    0.0     -1
    0.0   34.0   -5.0  -11.0  -11.0   11.0     -1
    0.0   34.0   -5.0  -11.0    0.0  -11.0     -2
    0.0   34.0   -5.0  -11.0    0.0    0.0      0        21.599998        54.275985         3.068430       176.931570       125.724015        21.599998
    0.0   34.0   -5.0  -11.0    0.0   11.0     -2
    0.0   34.0   -5.0  -11.0   11.0  -11.0     -2
    0.0   34.0   -5.0  -11.0   11.0    0.0     -4
    0.0   34.0   -5.0  -11.0   11.0   11.0     -4
    0.0   34.0   -5.0    0.0  -11.0  -11.0     -2
    0.0   34.0   -5.0    0.0  -11.0    0.0     -3
    0.0   34.0   -5.0    0.0  -11.0   11.0     -1
    0.0   34.0   -5.0    0.0    0.0  -11.0      0        75.442146        38.639815        72.646458       166.089068       144.091897       111.433407
    0.0   34.0   -5.0    0.0    0.0    0.0      0        93.162330        34.335422        48.514821       131.485179       145.664578        93.162330
    0.0   34.0   -5.0    0.0    0.0   11.0      0       111.433407        35.908103        13.910932       107.353542       141.360185        75.442146
    0.0   34.0   -5.0    0.0   11.0  -11.0     -2
    0.0   34.0   -5.0    0.0   11.0    0.0     -2
    0.0   34.0   -5.0    0.0   11.0   11.0     -2
    0.0   34.0   -5.0   11.0  -11.0  -11.0     -2
    0.0   34.0   -5.0   11.0  -11.0    0.0     -2
    0.0   34.0   -5.0   11.0  -11.0   11.0     -2
    0.0   34.0   -5.0   11.0    0.0  -11.0      0       126.789065        15.305677       106.894056       128.848241       165.661584       159.964315
    0.0   34.0   -5.0   11.0    0.0    0.0      0       142.387471        11.156119        82.287092        97.712908       168.843881       142.387471
    0.0   34.0   -5.0   11.0    0.0   11.0      0       159.964315        14.338416        51.151759        73.105944       164.694323       126.789065
    0.0   34.0   -5.0   11.0   11.0  -11.0     -2
    0.0   34.0   -5.0   11.0   11.0    0.0     -2
    0.0   34.0   -5.0   11.0   11.0   11.0     -2
    0.0   34.0    2.5  -11.0  -11.0  -11.0     -1
    0.0   34.0    2.5  -11.0  -11.0    0.0     -1
    0.0   34.0    2.5  -11.0  -11.0   11.0     -1
    0.0   34.0    2.5  -11.0    0.0  -11.0     -2
    0.0   34.0    2.5  -11.0    0.0    0.0     -1
    0.0   34.0    2.5  -11.0    0.0   11.0     -1
    0.0   34.0    2.5  -11.0   11.0  -11.0     -1
    0.0   34.0    2.5  -11.0   11.0    0.0     -1
    0.0   34.0    2.5  -11.0   11.0   11.0     -2
    0.0   34.0    2.5    0.0  -11.0  -11.0     -1
    0.0   34.0    2.5    0.0  -11.0    0.0     -1
    0.0   34.0    2.5    0.0  -11.0   11.0     -1
    0.0   34.0    2.5    0.0    0.0  -11.0     -1
    0.0   34.0    2.5    0.0    0.0    0.0     -3
    0.0   34.0    2.5    0.0    0.0   11.0     -1
    0.0   34.0    2.5    0.0   11.0  -11.0     -1
    0.0   34.0    2.5    0.0   11.0    0.0     -1
    0.0   34.0    2.5    0.0   11.0   11.0     -1
    0.0   34.0    2.5   11.0  -11.0  -11.0     -3
    0.0   34.0    2.5   11.0  -11.0    0.0     -3
    0.0   34.0    2.5   11.0  -11.0   11.0     -1
    0.0   34.0    2.5   11.0    0.0  -11.0     -3
    0.0   34.0    2.5   11.0    0.0    0.0     -3
    0.0   34.0    2.5   11.0    0.0   11.0     -3
    0.0   34.0    2.5   11.0   11.0  -11.0     -1
    0.0   34.0    2.5   11.0   11.0    0.0     -3
    0.0   34.0    2.5   11.0   11.0   11.0     -3
    0.0   34.0   10.0  -11.0  -11.0  -11.0     -1
    0.0   34.0   10.0  -11.0  -11.0    0.0     -1
    0.0   34.0   10.0  -11.0  -11.0   11.0     -1
    0.0   34.0   10.0  -11.0    0.0  -11.0     -1
    0.0   34.0   10.0  -11.0    0.0    0.0     -1
    0.0   34.0   10.0  -11.0    0.0   11.0     -1
    0.0   34.0   10.0  -11.0   11.0  -11.0     -2
    0.0   34.0   10.0  -11.0   11.0    0.0     -1
    0.0   34.0   10.0  -11.0   11.0   11.0     -1
    0.0   34.0   10.0    0.0  -11.0  -11.0     -1
    0.0   34.0   10.0    0.0  -11.0    0.0     -3
    0.0   34.0   10.0    0.0  -11.0   11.0     -3
    0.0   34.0   10.0    0.0    0.0  -11.0     -1
    0.0   34.0   10.0    0.0    0.0    0.0     -1
    0.0   34.0   10.0    0.0    0.0   11.0     -3
    0.0   34.0   10.0    0.0   11.0  -11.0     -1
    0.0   34.0   10.0    0.0   11.0    0.0     -3
    0.0   34.0   10.0    0.0   11.0   11.0     -3
    0.0   34.0   10.0   11.0  -11.0  -11.0     -1
    0.0   34.0   10.0   11.0  -11.0    0.0     -1
    0.0   34.0   10.0   11.0  -11.0   11.0     -1
    0.0   34.0   10.0   11.0    0.0  -11.0     -1
    0.0   34.0   10.0   11.0    0.0    0.0     -1
    0.0   34.0   10.0   11.0    0.0   11.0     -1
    0.0   34.0   10.0   11.0   11.0  -11.0     -1
    0.0   34.0   10.0   11.0   11.0    0.0     -1
    0.0   34.0   10.0   11.0   11.0   11.0     -1
   34.0  -34.0   -5.0  -11.0  -11.0  -11.0     -1
   34.0  -34.0   -5.0  -11.0  -11.0    0.0     -3
   34.0  -34.0   -5.0  -11.0  -11.0   11.0     -3
   34.0  -34.0   -5.0  -11.0    0.0  -11.0     -4
   34.0  -34.0   -5.0  -11.0    0.0    0.0     -4
   34.0  -34.0   -5.0  -11.0    0.0   11.0     -4
   34.0  -34.0   -5.0  -11.0   11.0  -11.0     -4
   34.0  -34.0   -5.0  -11.0   11.0    0.0     -4
   34.0  -34.0   -5.0  -11.0   11.0   11.0     -4
   34.0  -34.0   -5.0    0.0  -11.0  -11.0     -3
   34.0  -34.0   -5.0    0.0  -11.0    0.0     -3
   34.0  -34.0   -5.0    0.0  -11.0   11.0     -4
   34.0  -34.0   -5.0    0.0    0.0  -11.0     -2
   34.0  -34.0   -5.0    0.0    0.0    0.0     -3
   34.0  -34.0   -5.0    0.0    0.0   11.0     -1
   34.0  -34.0   -5.0    0.0   11.0  -11.0     -1
   34.0  -34.0   -5.0    0.0   11.0    0.0     -1
   34.0  -34.0   -5.0    0.0   11.0   11.0     -1
   34.0  -34.0   -5.0   11.0  -11.0  -11.0     -3
   34.0  -34.0   -5.0   11.0  -11.0    0.0     -2
   34.0  -34.0   -5.0   11.0  -11.0   11.0     -2
   34.0  -34.0   -5.0   11.0    0.0  -11.0     -4
   34.0  -34.0   -5.0   11.0    0.0    0.0     -4
   34.0  -34.0   -5.0   11.0    0.0   11.0     -4
   34.0  -34.0   -5.0   11.0   11.0  -11.0     -2
   34.0  -34.0   -5.0   11.0   11.0    0.0     -2
   34.0  -34.0   -5.0   11.0   11.0   11.0     -4
   34.0  -34.0    2.5  -11.0  -11.0  -11.0     -1
   34.0  -34.0    2.5  -11.0  -11.0    0.0     -1
   34.0  -34.0    2.5  -11.0  -11.0   11.0     -1
   34.0  -34.0    2.5  -11.0    0.0  -11.0     -3
   34.0  -34.0    2.5  -11.0    0.0    0.0     -3
   34.0  -34.0    2.5  -11.0    0.0   11.0     -3
   34.0  -34.0    2.5  -11.0   11.0  -11.0     -1
   34.0  -34.0    2.5  -11.0   11.0    0.0     -1
   34.0  -34.0    2.5  -11.0   11.0   11.0     -1
   34.0  -34.0    2.5    0.0  -11.0  -11.0     -1
   34.0  -34.0    2.5    0.0  -11.0    0.0     -1
   34.0  -34.0    2.5    0.0  -11.0   11.0     -3
   34.0  -34.0    2.5    0.0    0.0  -11.0     -3
   34.0  -34.0    2.5    0.0    0.0    0.0     -1
   34.0  -34.0    2.5    0.0    0.0   11.0     -1
   34.0  -34.0    2.5    0.0   11.0  -11.0     -1
   34.0  -34.0    2.5    0.0   11.0    0.0     -1
   34.0  -34.0    2.5    0.0   11.0   11.0     -1
   34.0  -34.0    2.5   11.0  -11.0  -11.0     -1
   34.0  -34.0    2.5   11.0  -11.0    0.0     -3
   34.0  -34.0    2.5   11.0  -11.0   11.0     -3
   34.0  -34.0    2.5   11.0    0.0  -11.0     -3
   34.0  -34.0    2.5   11.0    0.0    0.0     -1
   34.0  -34.0    2.5   11.0    0.0   11.0     -1
   34.0  -34.0    2.5   11.0   11.0  -11.0     -1
   34.0  -34.0    2.5   11.0   11.0    0.0     -1
   34.0  -34.0    2.5   11.0   11.0   11.0     -1
   34.0  -34.0   10.0  -11.0  -11.0  -11.0     -1
   34.0  -34.0   10.0  -11.0  -11.0    0.0     -1
   34.0  -34.0   10.0  -11.0  -11.0   11.0     -1
   34.0  -34.0   10.0  -11.0    0.0  -11.0     -1
   34.0  -34.0   10.0  -11.0    0.0    0.0     -1
   34.0  -34.0   10.0  -11.0    0.0   11.0     -1
   34.0  -34.0   10.0  -11.0   11.0  -11.0     -3
   34.0  -34.0   10.0  -11.0   11.0    0.0     -3
   34.0  -34.0   10.0  -11.0   11.0   11.0     -3
   34.0  -34.0   10.0    0.0  -11.0  -11.0     -1
   34.0  -34.0   10.0    0.0  -11.0    0.0     -1
   34.0  -34.0   10.0    0.0  -11.0   11.0     -1
   34.0  -34.0   10.0    0.0    0.0  -11.0     -1
   34.0  -34.0   10.0    0.0    0.0    0.0     -1
   34.0  -34.0   10.0    0.0    0.0   11.0     -3
   34.0  -34.0   10.0    0.0   11.0  -11.0     -3
   34.0  -34.0   10.0    0.0   11.0    0.0     -3
   34.0  -34.0   10.0    0.0   11.0   11.0     -1
   34.0  -34.0   10.0   11.0  -11.0  -11.0     -1
   34.0  -34.0   10.0   11.0  -11.0    0.0     -1
   34.0  -34.0   10.0   11.0  -11.0   11.0     -1
   34.0  -34.0   10.0   11.0    0.0  -11.0     -1
   34.0  -34.0   10.0   11.0    0.0    0.0     -1
   34.0  -34.0   10.0   11.0    0.0   11.0     -1
   34.0  -34.0   10.0   11.0   11.0  -11.0     -1
   34.0  -34.0   10.0   11.0   11.0    0.0     -1
   34.0  -34.0   10.0   11.0   11.0   11.0     -1
   34.0    0.0   -5.0  -11.0  -11.0  -11.0     -2
   34.0    0.0   -5.0  -11.0  -11.0    0.0     -2
   34.0    0.0   -5.0  -11.0  -11.0   11.0     -2
   34.0    0.0   -5.0  -11.0    0.0  -11.0     -2
   34.0    0.0   -5.0  -11.0    0.0    0.0     -2
   34.0    0.0   -5.0  -11.0    0.0   11.0     -2
   34.0    0.0   -5.0  -11.0   11.0  -11.0     -2
   34.0    0.0   -5.0  -11.0   11.0    0.0     -2
   34.0    0.0   -5.0  -11.0   11.0   11.0     -2
   34.0    0.0   -5.0    0.0  -11.0  -11.0      0        41.762745       125.652424        46.290691        14.175012       141.000453       166.784745
   34.0    0.0   -5.0    0.0  -11.0    0.0      0        40.646727       115.189228        24.232595         3.758910       122.486190       131.904848
   34.0    0.0   -5.0    0.0  -11.0   11.0     -3
   34.0    0.0   -5.0    0.0    0.0  -11.0      0        29.343157        76.035301        83.998706        62.305767        88.919157       178.234866
   34.0    0.0   -5.0    0.0    0.0    0.0      0        27.528311        63.585771        61.230913        53.267574        71.937988       141.492183
   34.0    0.0   -5.0    0.0    0.0   11.0      0        30.604810        52.510766        36.828463        50.719416        46.535636       114.072412
   34.0    0.0   -5.0    0.0   11.0  -11.0     -2
   34.0    0.0   -5.0    0.0   11.0    0.0     -2
   34.0    0.0   -5.0    0.0   11.0   11.0     -2
   34.0    0.0   -5.0   11.0  -11.0  -11.0     -2
   34.0    0.0   -5.0   11.0  -11.0    0.0     -2
   34.0    0.0   -5.0   11.0  -11.0   11.0     -2
   34.0    0.0   -5.0   11.0    0.0  -11.0     -1
   34.0    0.0   -5.0   11.0    0.0    0.0     -3
   34.0    0.0   -5.0   11.0    0.0   11.0      0        89.681252        27.032291        68.252587        10.094798        65.994172       172.213479
   34.0    0.0   -5.0   11.0   11.0  -11.0     -2
   34.0    0.0   -5.0   11.0   11.0    0.0     -2
   34.0    0.0   -5.0   11.0   11.0   11.0     -2
   34.0    0.0    2.5  -11.0  -11.0  -11.0     -3
   34.0    0.0    2.5  -11.0  -11.0    0.0     -3
   34.0    0.0    2.5  -11.0  -11.0   11.0     -1
   34.0    0.0    2.5  -11.0    0.0  -11.0      0        15.172968       134.998694         5.024054       147.385444        19.977786       165.122552
   34.0    0.0    2.5  -11.0    0.0    0.0     -3
   34.0    0.0    2.5  -11.0    0.0   11.0     -1
   34.0    0.0    2.5  -11.0   11.0  -11.0     -4
   34.0    0.0    2.5  -11.0   11.0    0.0     -4
   34.0    0.0    2.5  -11.0   11.0   11.0     -4
   34.0    0.0    2.5    0.0  -11.0  -11.0     -2
   34.0    0.0    2.5    0.0  -11.0    0.0     -3
   34.0    0.0    2.5    0.0  -11.0   11.0     -1
   34.0    0.0    2.5    0.0    0.0  -11.0     -1
   34.0    0.0    2.5    0.0    0.0    0.0     -3
   34.0    0.0    2.5    0.0    0.0   11.0     -3
   34.0    0.0    2.5    0.0   11.0  -11.0     -1
   34.0    0.0    2.5    0.0   11.0    0.0     -1
   34.0    0.0    2.5    0.0   11.0   11.0     -1
   34.0    0.0    2.5   11.0  -11.0  -11.0     -1
   34.0    0.0    2.5   11.0  -11.0    0.0     -1
   34.0    0.0    2.5   11.0  -11.0   11.0     -3
   34.0    0.0    2.5   11.0    0.0  -11.0     -1
   34.0    0.0    2.5   11.0    0.0    0.0     -1
   34.0    0.0    2.5   11.0    0.0   11.0     -1
   34.0    0.0    2.5   11.0   11.0  -11.0     -3
   34.0    0.0    2.5   11.0   11.0    0.0     -1
   34.0    0.0    2.5   11.0   11.0   11.0     -1
   34.0    0.0   10.0  -11.0  -11.0  -11.0     -1
   34.0    0.0   10.0  -11.0  -11.0    0.0     -1
   34.0    0.0   10.0  -11.0  -11.0   11.0     -1
   34.0    0.0   10.0  -11.0    0.0  -11.0     -3
   34.0    0.0   10.0  -11.0    0.0    0.0     -1
   34.0    0.0   10.0  -11.0    0.0   11.0     -1
   34.0    0.0   10.0  -11.0   11.0  -11.0     -1
   34.0    0.0   10.0  -11.0   11.0    0.0     -3
   34.0    0.0   10.0  -11.0   11.0   11.0     -1
   34.0    0.0   10.0    0.0  -11.0  -11.0     -1
   34.0    0.0   10.0    0.0  -11.0    0.0     -1
   34.0    0.0   10.0    0.0  -11.0   11.0     -1
   34.0    0.0   10.0    0.0    0.0  -11.0     -3
   34.0    0.0   10.0    0.0    0.0    0.0     -3
   34.0    0.0   10.0    0.0    0.0   11.0     -1
   34.0    0.0   10.0    0.0   11.0  -11.0     -1
   34.0    0.0   10.0    0.0   11.0    0.0     -1
   34.0    0.0   10.0    0.0   11.0   11.0     -3
   34.0    0.0   10.0   11.0  -11.0  -11.0     -1
   34.0    0.0   10.0   11.0  -11.0    0.0     -1
   34.0    0.0   10.0   11.0  -11.0   11.0     -1
   34.0    0.0   10.0   11.0    0.0  -11.0     -1
   34.0    0.0   10.0   11.0    0.0    0.0     -3
   34.0    0.0   10.0   11.0    0.0   11.0     -3
   34.0    0.0   10.0   11.0   11.0  -11.0     -1
   34.0    0.0   10.0   11.0   11.0    0.0     -1
   34.0    0.0   10.0   11.0   11.0   11.0     -1
   34.0   34.0   -5.0  -11.0  -11.0  -11.0     -4
   34.0   34.0   -5.0  -11.0  -11.0    0.0     -4
   34.0   34.0   -5.0  -11.0  -11.0   11.0     -4
   34.0   34.0   -5.0  -11.0    0.0  -11.0     -2
   34.0   34.0   -5.0  -11.0    0.0    0.0     -2
   34.0   34.0   -5.0  -11.0    0.0   11.0     -2
   34.0   34.0   -5.0  -11.0   11.0  -11.0     -2
   34.0   34.0   -5.0  -11.0   11.0    0.0     -2
   34.0   34.0   -5.0  -11.0   11.0   11.0     -2
   34.0   34.0   -5.0    0.0  -11.0  -11.0     -3
   34.0   34.0   -5.0    0.0  -11.0    0.0     -1
   34.0   34.0   -5.0    0.0  -11.0   11.0     -1
   34.0   34.0   -5.0    0.0    0.0  -11.0     -3
   34.0   34.0   -5.0    0.0    0.0    0.0     -3
   34.0   34.0   -5.0    0.0    0.0   11.0     -1
   34.0   34.0   -5.0    0.0   11.0  -11.0     -2
   34.0   34.0   -5.0    0.0   11.0    0.0     -2
   34.0   34.0   -5.0    0.0   11.0   11.0     -2
   34.0   34.0   -5.0   11.0  -11.0  -11.0     -1
   34.0   34.0   -5.0   11.0  -11.0    0.0     -3
   34.0   34.0   -5.0   11.0  -11.0   11.0     -1
   34.0   34.0   -5.0   11.0    0.0  -11.0     -1
   34.0   34.0   -5.0   11.0    0.0    0.0     -2
   34.0   34.0   -5.0   11.0    0.0   11.0     -3
   34.0   34.0   -5.0   11.0   11.0  -11.0     -2
   34.0   34.0   -5.0   11.0   11.0    0.0     -2
   34.0   34.0   -5.0   11.0   11.0   11.0     -2
   34.0   34.0    2.5  -11.0  -11.0  -11.0     -1
   34.0   34.0    2.5  -11.0  -11.0    0.0     -1
   34.0   34.0    2.5  -11.0  -11.0   11.0     -1
   34.0   34.0    2.5  -11.0    0.0  -11.0     -1
   34.0   34.0    2.5  -11.0    0.0    0.0     -1
   34.0   34.0    2.5  -11.0    0.0   11.0     -1
   34.0   34.0    2.5  -11.0   11.0  -11.0     -3
   34.0   34.0    2.5  -11.0   11.0    0.0     -1
   34.0   34.0    2.5  -11.0   11.0   11.0     -1
   34.0   34.0    2.5    0.0  -11.0  -11.0     -1
   34.0   34.0    2.5    0.0  -11.0    0.0     -1
   34.0   34.0    2.5    0.0  -11.0   11.0     -1
   34.0   34.0    2.5    0.0    0.0  -11.0     -3
   34.0   34.0    2.5    0.0    0.0    0.0     -1
   34.0   34.0    2.5    0.0    0.0   11.0     -1
   34.0   34.0    2.5    0.0   11.0  -11.0     -1
   34.0   34.0    2.5    0.0   11.0    0.0     -3
   34.0   34.0    2.5    0.0   11.0   11.0     -1
   34.0   34.0    2.5   11.0  -11.0  -11.0     -2
   34.0   34.0    2.5   11.0  -11.0    0.0     -1
   34.0   34.0    2.5   11.0  -11.0   11.0     -1
   34.0   34.0    2.5   11.0    0.0  -11.0     -1
   34.0   34.0    2.5   11.0    0.0    0.0     -3
   34.0   34.0    2.5   11.0    0.0   11.0     -1
   34.0   34.0    2.5   11.0   11.0  -11.0     -4
   34.0   34.0    2.5   11.0   11.0    0.0     -4
   34.0   34.0    2.5   11.0   11.0   11.0     -3
   34.0   34.0   10.0  -11.0  -11.0  -11.0     -1
   34.0   34.0   10.0  -11.0  -11.0    0.0     -1
   34.0   34.0   10.0  -11.0  -11.0   11.0     -1
   34.0   34.0   10.0  -11.0    0.0  -11.0     -1
   34.0   34.0   10.0  -11.0    0.0    0.0     -1
   34.0   34.0   10.0  -11.0    0.0   11.0     -1
   34.0   34.0   10.0  -11.0   11.0  -11.0     -1
   34.0   34.0   10.0  -11.0   11.0    0.0     -1
   34.0   34.0   10.0  -11.0   11.0   11.0     -1
   34.0   34.0   10.0    0.0  -11.0  -11.0     -3
   34.0   34.0   10.0    0.0  -11.0    0.0     -2
   34.0   34.0   10.0    0.0  -11.0   11.0     -1
   34.0   34.0   10.0    0.0    0.0  -11.0     -1
   34.0   34.0   10.0    0.0    0.0    0.0     -1
   34.0   34.0   10.0    0.0    0.0   11.0     -1
   34.0   34.0   10.0    0.0   11.0  -11.0     -3
   34.0   34.0   10.0    0.0   11.0    0.0     -1
   34.0   34.0   10.0    0.0   11.0   11.0     -1
   34.0   34.0   10.0   11.0  -11.0  -11.0     -1
   34.0   34.0   10.0   11.0  -11.0    0.0     -1
   34.0   34.0   10.0   11.0  -11.0   11.0     -1
   34.0   34.0   10.0   11.0    0.0  -11.0     -1
   34.0   34.0   10.0   11.0    0.0    0.0     -1
   34.0   34.0   10.0   11.0    0.0   11.0     -1
   34.0   34.0   10.0   11.0   11.0  -11.0     -3
   34.0   34.0   10.0   11.0   11.0    0.0     -3
   34.0   34.0   10.0   11.0   11.0   11.0     -3
