
STEWART PLATFORM

COMPILATION DATE AND TIME
Apr 13 2019
17:58:37

   SWAY  SURGE  HEAVE  PITCH   ROLL    YAW          ANGLE 1          ANGLE 2          ANGLE 3          ANGLE 4          ANGLE 5          ANGLE 6
================================================================================================================================================
  -10.0  -10.0  -10.0   -9.0   -9.0   -9.0        34.334024       117.740827        76.417911        63.938893        24.969955         6.883894
  -10.0  -10.0  -10.0   -9.0   -9.0    9.0        56.873202        96.690078        87.338791        43.947803        51.483173         0.000000
  -10.0  -10.0  -10.0   -9.0    9.0   -9.0        17.845824        64.842026        33.593171       101.581041        88.034972        25.788000
  -10.0  -10.0  -10.0   -9.0    9.0    9.0        44.553627        39.134144        46.947764        85.633367       106.912542        11.498794
  -10.0  -10.0  -10.0    9.0   -9.0   -9.0        93.776460       103.811270        34.630242         1.353108         0.000000        71.086911
  -10.0  -10.0  -10.0    9.0   -9.0    9.0
  -10.0  -10.0  -10.0    9.0    9.0   -9.0
  -10.0  -10.0  -10.0    9.0    9.0    9.0        96.512139        19.318524         0.000000        44.987182        93.292950        75.031271
  -10.0  -10.0   10.0   -9.0   -9.0   -9.0       108.478202       180.000000       148.875685       133.020435       104.469914        91.295917
  -10.0  -10.0   10.0   -9.0   -9.0    9.0       127.301909       172.935884       160.705100       116.852908       122.997342        78.801479
  -10.0  -10.0   10.0   -9.0    9.0   -9.0        97.452306       134.088040       107.370785       174.171222       158.477262       102.499867
  -10.0  -10.0   10.0   -9.0    9.0    9.0       117.240044       112.833258       118.805541       156.559924       180.000000        91.090752
  -10.0  -10.0   10.0    9.0   -9.0   -9.0       170.847387       179.029484       108.173724        94.895989        90.938405       141.730055
  -10.0  -10.0   10.0    9.0   -9.0    9.0       180.000000       153.274838       119.611486        78.642833       109.690689       129.868027
  -10.0  -10.0   10.0    9.0    9.0   -9.0       148.931827       120.573182        69.356932       133.813437       142.404202       161.613299
  -10.0  -10.0   10.0    9.0    9.0    9.0       171.233953        99.556937        80.418642       117.640204       161.976385       147.466072
  -10.0   10.0  -10.0   -9.0   -9.0   -9.0        32.249817        94.484198        91.730158        86.901538         2.885510         2.317611
  -10.0   10.0  -10.0   -9.0   -9.0    9.0
  -10.0   10.0  -10.0   -9.0    9.0   -9.0        12.860454        37.253534        51.868926       122.033934        71.806645        25.721522
  -10.0   10.0  -10.0   -9.0    9.0    9.0        46.151766        20.163266        70.487975       101.006123        83.928008         5.292432
  -10.0   10.0  -10.0    9.0   -9.0   -9.0
  -10.0   10.0  -10.0    9.0   -9.0    9.0       115.691123        65.653937        71.335463         6.953860         0.000000        59.142058
  -10.0   10.0  -10.0    9.0    9.0   -9.0        77.880751        17.724424         0.000000        87.707681        56.469984        90.069763
  -10.0   10.0  -10.0    9.0    9.0    9.0        99.181232         0.000000        22.681107        63.396745        69.245265        75.702509
  -10.0   10.0   10.0   -9.0   -9.0   -9.0       108.877988       172.007959       170.624768       155.124907        88.849904        93.748246
  -10.0   10.0   10.0   -9.0   -9.0    9.0       129.027171       154.678157       180.000000       132.215965       100.657733        79.530619
  -10.0   10.0   10.0   -9.0    9.0   -9.0        98.221066       110.872748       122.792010       180.000000       142.614875       104.962756
  -10.0   10.0   10.0   -9.0    9.0    9.0       119.214423        96.970737       140.551143       177.511718       154.893637        91.710230
  -10.0   10.0   10.0    9.0   -9.0   -9.0       166.393146       151.882779       123.630662       115.447165        74.826352       142.650792
  -10.0   10.0   10.0    9.0   -9.0    9.0       180.000000       136.693470       141.437290        94.268646        86.860935       129.437979
  -10.0   10.0   10.0    9.0    9.0   -9.0       147.115224        97.366101        84.885807       156.013199       127.066251       160.603850
  -10.0   10.0   10.0    9.0    9.0    9.0       169.237176        83.454868       101.048459       133.035873       138.875832       145.952960
   10.0  -10.0  -10.0   -9.0   -9.0   -9.0        11.498794       106.912542        85.633367        46.947764        39.134144        44.553627
   10.0  -10.0  -10.0   -9.0   -9.0    9.0        25.788000        88.034972       101.581041        33.593171        64.842026        17.845824
   10.0  -10.0  -10.0   -9.0    9.0   -9.0         0.000000        51.483173        43.947803        87.338791        96.690078        56.873202
   10.0  -10.0  -10.0   -9.0    9.0    9.0         6.883894        24.969955        63.938893        76.417911       117.740827        34.334024
   10.0  -10.0  -10.0    9.0   -9.0   -9.0        75.031271        93.292950        44.987182         0.000000        19.318524        96.512139
   10.0  -10.0  -10.0    9.0   -9.0    9.0
   10.0  -10.0  -10.0    9.0    9.0   -9.0
   10.0  -10.0  -10.0    9.0    9.0    9.0        71.086911         0.000000         1.353108        34.630242       103.811270        93.776460
   10.0  -10.0   10.0   -9.0   -9.0   -9.0        91.090752       180.000000       156.559924       118.805541       112.833258       117.240044
   10.0  -10.0   10.0   -9.0   -9.0    9.0       102.499867       158.477262       174.171222       107.370785       134.088040        97.452306
   10.0  -10.0   10.0   -9.0    9.0   -9.0        78.801479       122.997342       116.852908       160.705100       172.935884       127.301909
   10.0  -10.0   10.0   -9.0    9.0    9.0        91.295917       104.469914       133.020435       148.875685       180.000000       108.478202
   10.0  -10.0   10.0    9.0   -9.0   -9.0       147.466072       161.976385       117.640204        80.418642        99.556937       171.233953
   10.0  -10.0   10.0    9.0   -9.0    9.0       161.613299       142.404202       133.813437        69.356932       120.573182       148.931827
   10.0  -10.0   10.0    9.0    9.0   -9.0       129.868027       109.690689        78.642833       119.611486       153.274838       180.000000
   10.0  -10.0   10.0    9.0    9.0    9.0       141.730055        90.938405        94.895989       108.173724       179.029484       170.847387
   10.0   10.0  -10.0   -9.0   -9.0   -9.0         5.292432        83.928008       101.006123        70.487975        20.163266        46.151766
   10.0   10.0  -10.0   -9.0   -9.0    9.0        25.721522        71.806645       122.033934        51.868926        37.253534        12.860454
   10.0   10.0  -10.0   -9.0    9.0   -9.0
   10.0   10.0  -10.0   -9.0    9.0    9.0         2.317611         2.885510        86.901538        91.730158        94.484198        32.249817
   10.0   10.0  -10.0    9.0   -9.0   -9.0        75.702509        69.245265        63.396745        22.681107         0.000000        99.181232
   10.0   10.0  -10.0    9.0   -9.0    9.0        90.069763        56.469984        87.707681         0.000000        17.724424        77.880751
   10.0   10.0  -10.0    9.0    9.0   -9.0        59.142058         0.000000         6.953860        71.335463        65.653937       115.691123
   10.0   10.0  -10.0    9.0    9.0    9.0
   10.0   10.0   10.0   -9.0   -9.0   -9.0        91.710230       154.893637       177.511718       140.551143        96.970737       119.214423
   10.0   10.0   10.0   -9.0   -9.0    9.0       104.962756       142.614875       180.000000       122.792010       110.872748        98.221066
   10.0   10.0   10.0   -9.0    9.0   -9.0        79.530619       100.657733       132.215965       180.000000       154.678157       129.027171
   10.0   10.0   10.0   -9.0    9.0    9.0        93.748246        88.849904       155.124907       170.624768       172.007959       108.877988
   10.0   10.0   10.0    9.0   -9.0   -9.0       145.952960       138.875832       133.035873       101.048459        83.454868       169.237176
   10.0   10.0   10.0    9.0   -9.0    9.0       160.603850       127.066251       156.013199        84.885807        97.366101       147.115224
   10.0   10.0   10.0    9.0    9.0   -9.0       129.437979        86.860935        94.268646       141.437290       136.693470       180.000000
   10.0   10.0   10.0    9.0    9.0    9.0       142.650792        74.826352       115.447165       123.630662       151.882779       166.393146
